300000 300
38 1065
903 1214
367 1761
689 1238
915 1362
500 1609
446 1777
494 1769
681 1971
319 1755
271 1671
156 1854
97 1316
287 1037
442 1286
225 1351
277 1459
459 1869
702 1091
681 1675
262 1055
640 1626
571 1289
546 1829
727 1629
1023 1995
1016 1942
574 1605
528 1555
781 1929
990 1052
821 1710
413 1312
753 1872
123 1856
256 1846
588 1554
1017 1842
384 1694
479 1865
338 1197
501 1556
579 1348
211 1894
711 1643
698 1584
62 1074
37 1441
37 1782
160 1425
398 1761
989 1567
717 1200
261 1689
885 1977
76 1949
643 1324
712 1150
216 1177
131 2025
1005 1458
207 1993
194 1875
217 1127
791 1983
129 1750
223 1581
361 1678
498 1411
76 1623
1026 1121
146 1129
720 1633
545 1489
159 1693
373 1302
745 1906
499 1053
850 1924
634 1354
218 1026
60 2024
342 1068
972 1995
801 1554
119 1075
783 1182
472 1524
674 1748
935 1236
641 1113
978 1077
293 1842
719 1780
470 1743
560 1680
982 1096
376 1423
476 2022
301 1309
451 2021
46 1527
132 1144
839 1159
610 1294
771 1104
868 1748
961 1677
8 1147
10 1045
566 1851
290 1666
627 1304
477 1170
343 1124
948 1486
321 1157
536 1385
73 2040
7 1130
630 1942
988 1806
50 1814
363 1383
250 1748
589 1866
602 1744
121 1896
793 1786
788 1467
689 1197
395 1316
257 1401
222 1106
582 1829
831 1509
840 1268
475 2003
465 1576
248 1547
355 1477
576 1113
42 1943
348 1930
48 1654
709 1488
208 1993
215 1640
109 1097
808 1145
612 1544
23 1344
318 1969
168 1386
299 1297
655 1473
684 1238
138 1803
399 1943
244 1327
32 1045
664 1434
670 1217
963 1249
748 1662
925 1960
137 1191
440 1730
194 1620
1002 1690
806 1241
600 1489
571 1936
468 1832
111 1241
105 1697
337 1118
51 1505
769 1692
116 2009
997 1439
229 1957
158 1804
842 1716
571 1893
841 1578
172 1673
124 1922
377 1402
709 1144
692 1379
226 1574
556 2010
321 1901
227 1122
277 1686
706 1844
425 1593
652 1343
1012 1374
529 1389
623 1763
676 1832
291 1054
462 1565
6 1730
580 1855
903 1543
279 1807
872 1797
811 1307
972 1121
746 1221
145 1324
569 1862
735 1800
171 1779
257 1933
501 1982
116 1259
163 1279
574 1488
265 1141
385 1164
123 1671
80 1395
193 2000
705 1154
965 2011
68 1606
911 1323
819 2042
627 1663
682 1776
905 1364
664 1842
862 1450
534 1384
233 1803
1016 2044
705 1738
418 1917
141 1929
30 1601
187 1533
875 1871
629 1782
23 1147
976 1689
784 2003
71 1264
951 1082
873 1958
54 1363
974 1291
19 1697
591 1118
262 1516
374 1868
520 1254
308 1204
173 1550
722 1197
179 1237
298 1482
475 1279
279 1949
1015 1357
554 1657
325 1369
927 1148
763 1729
399 1997
35 1415
615 1571
681 1976
152 1415
691 1100
144 1626
48 1358
746 1689
692 1341
737 1632
899 1969
267 1453
492 1345
580 1895
472 1701
743 1439
162 1816
581 1813
41 1536
591 1534
36 2001
918 1028
438 1583
374 1935
323 1875
653 1603
641 1199