5000000 1000
8467 1041
6498 7334
5724 20169
9356 12478
4462 27962
8143 6705
6827 24281
493 10961
1942 3995
5438 5827
4604 33391
155 4902
2382 1292
8716 18421
9895 20718
1724 6447
1538 15771
9912 2869
6297 26667
9896 18035
3809 29703
329 32322
4666 18673
7713 16141
6870 29253
7642 26547
2753 33662
2859 21037
9743 9723
780 28529
3037 13316
1844 23190
102 1288
8944 10040
2646 20264
3803 28446
6731 16890
5350 25370
1097 16006
3550 25393
2623 20629
9954 25084
1840 19756
7378 5966
6306 14931
2435 17944
1323 25626
1536 6537
2084 17118
6541 23929
1111 5833
9656 5639
9932 23704
2308 14977
2384 32673
8743 6021
9072 27924
5831 7270
5573 27777
6512 6097
3290 24986
8636 10161
4765 23355
5574 24655
2052 5031
1152 28350
1722 17941
3432 14966
187 32107
1337 19007
2287 16457
383 28753
8911 15945
9760 33209
8588 25221
4944 7422
3030 28506
9166 17413
2587 1900
1657 19762
6361 18410
535 28624
6485 22548
4043 28595
4348 4602
832 11291
1020 10374
4019 5596
3197 28348
4482 20668
4736 9281
2001 1053
7936 27418
3790 7900
469 19127
4893 4728
2481 25648
2423 18807
6619 15310
9516 23813
7618 15309
7451 19935
5251 21600
1552 17519
299 23798
1008 7224
2605 6844
2698 15989
483 4195
4343 4093
1589 31523
9505 30314
5198 8448
6620 14458
9796 21580
5281 15798
796 20589
7155 29009
3620 21472
2292 19538
4177 7038
9655 19190
6193 8958
2886 20815
1511 20156
2636 17202
53 25272
2644 21328
4888 27362
8431 19875
140 30869
1418 24844
1994 22881
8651 11322
5701 11021
8474 4557
4387 28892
712 6075
2512 3600
6867 22003
4688 18861
9791 14401
6423 16255
585 6002
285 25182
1422 28088
3755 29617
928 10832
2156 5169
7189 26721
1325 20976
8690 3368
555 22425
6549 4434
9514 8441
8060 31145
3755 22718
2423 17139
5994 17279
2529 17687
7437 23549
2949 20866
3193 1193
414 4297
6105 29286
6282 25488
5732 13455
1701 19114
669 32316
2263 6786
4353 5313
51 32185
808 1912
943 2832
7754 5313
9558 29321
7980 24646
4146 1481
220 24196
2163 8129
448 6535
466 12173
1657 13044
6437 27292
22 18253
9508 27154
647 5745
8315 14186
8020 5474
4018 3168
9907 19787
7393 18958
3627 11202
4416 27477
5822 10314
5872 30334
157 25372
8068 12833
8295 8487
8179 8518
2266 18773
2670 2763
3985 18192
8482 4102
7629 30213
4101 5802
2627 31527
1926 2543
9970 12023
4181 14061
7430 32003
7591 18505
3031 23725
144 9492
1282 18222
7902 14064
8362 20187
970 23413
9168 15270
829 1235
5758 20711
4669 19896
2550 8285
3694 1140
1622 3695
2127 29019
1692 27576
6300 23658
2464 18371
2591 5678
5482 24851
8462 2018
3150 22119
8087 3800
1928 32060
4759 10010
313 33170
223 10576
2756 13043
5111 8164
7086 8882
3489 30565
4474 30577
5625 3625
1924 6629
8518 26423
4962 7902
4594 1123
3261 4737
2521 11195
8262 2264
8118 7202
324 6030
767 30011
5545 7411
1518 22153
4924 30790
1761 31188
849 5940
3829 19662
7713 31900
7578 19958
3007 9365
1202 12477
6441 27058
2760 3303
2326 20357
5110 7477
4887 22113
2848 20801
2426 15460
7382 13993
6542 20405
8702 32111
2352 13835
9348 7072
4485 19823
3214 21556
9359 2626
3357 9526
3269 30337
9359 24869
3022 13896
112 30617
8696 13717
4039 12585
4127 25423
4567 25229
8934 7559
9853 23296
6962 13053
9732 4584
6972 7654
4369 22457
2965 23532
2485 3607
1635 1911
2846 11067
2938 5675
2140 3223
6513 24754
173 23741
7825 22459
7870 4221
1930 2626
1779 16205
7398 24850
2699 23279
2734 13193
6532 2637
1995 6556
5703 11176
548 7962
302 16881
6641 15413
4853 20855
1462 14142
873 28611
2674 21424
8443 2752
2673 29296
9315 11040
70 1875
612 13818
4932 2017
691 29112
3829 14169
6486 21040
9090 29685
2591 20497
5145 26990
9314 20353
6738 19651
1258 23044
8761 1335
7607 12192
2181 26264
3831 29503
606 24775
5999 30292
9554 18549
1623 26561
9539 7467
1236 27129
9172 28813
6079 21601
8685 21215
3990 9213
5603 26824
5759 24392
6426 3670
4086 29027
8786 11075
4968 16498
3845 7287
505 33604
2661 22221
2365 6706
2169 10010
8240 28489
5540 13164
911 8619
6706 8591
9234 32818
5203 1750
1541 5975
1422 1303
1247 22098
3648 14584
7864 3971
1075 23913
8710 22545
8678 18546
5262 2769
3985 9519
5944 29289
8540 3865
5506 24245
7868 29318
8321 10601
4470 22132
5085 28152
9761 29570
7103 30901
3529 15423
6967 12600
5567 15015
1541 1028
2090 26347
2637 3943
6461 23409
4683 6049
1342 2588
2056 1608
1760 22221
886 30954
692 15146
2843 8949
5618 22430
7065 1748
781 5536
2222 19035
7040 16185
5627 10853
5748 12224
3361 20923
4764 33257
4955 5944
2722 24318
1023 26411
997 21355
9498 23549
9517 19584
3340 18964
7913 9075
1192 17142
5070 22948
4606 21426
4427 27173
6707 33404
9810 21626
89 20375
6036 17565
9139 15736
5996 31814
6654 9256
834 24936
1357 21482
1133 22015
7841 19230
2013 15625
4188 33637
1652 20690
1632 6662
353 11893
3452 22416
7264 15008
5456 23233
6634 17303
4256 27303
1124 1148
4215 13317
4026 28109
1078 30200
6858 22318
4153 25050
5264 32361
3678 12903
6907 30643
3563 15902
4946 29489
3653 2282
2222 31674
6925 6402
9369 4831
257 4878
2617 20008
10001 24971
9783 22945
2392 27504
5311 33685
5591 7698
5940 13722
6412 20037
6236 32461
9963 13508
6495 4959
5267 2515
8867 25937
4700 1058
6262 14971
6215 16117
7817 25555
3041 19330
9286 31212
1956 29082
708 17085
4772 25484
9813 9380
6543 26951
1681 19115
5896 18110
790 24073
8132 24977
8687 30956
8 27113
5790 13941
1361 2723
5182 1028
7202 25778
1887 6071
1073 22974
2865 12333
4295 27153
823 33168
5629 10676
2600 29650
4695 4309
76 5686
2249 11116
1530 27667
7866 27679
8407 30421
6818 9826
7724 8516
9085 29666
9964 28681
5688 2340
1662 7021
6066 15721
413 30309
9871 18902
3939 18124
1758 33745
7529 29423
2268 5806
5604 10318
4305 32907
1014 24481
6628 22136
6807 25114
3554 5084
1291 13290
9150 30996
5343 2054
250 15708
3712 8491
110 6131
7960 17439
9702 25722
1054 7995
7481 26269
6421 19238
866 28918
2494 18659
1194 29486
6631 8462
2022 13158
8392 2146
3927 14037
9456 11647
803 7602
7828 5098
4600 30292
797 8278
446 19352
542 14882
4577 29315
9569 9762
8397 23336
9897 32418
3851 26828
4228 27816
6925 5449
231 1658
940 25520
5147 30560
1657 26162
794 21675
1750 23361
3144 17398
6944 9714
9569 22188
7661 9638
4513 16075
477 12521
526 16615
2570 14234
9466 1905
8960 20557
520 15161
7469 13549
1919 1330
4333 29350
910 23925
6336 20737
1280 19337
7638 13393
8162 31714
9949 32591
2507 20135
4 14337
2625 17337
9972 29664
564 26608
7087 20281
8373 10152
8196 29652
3824 10876
7574 29396
4640 7249
8819 30174
2607 1943
287 2941
5567 9419
7587 4805
1446 17216
2611 2615
9168 12064
6074 17893
296 14509
9575 20695
3161 16589
7968 32172
6029 28358
9426 27268
422 29510
8781 31774
3550 31910
5389 5182
5766 16495
1366 1874
8253 15902
476 5460
6819 7972
5545 27122
9791 22577
191 26605
7952 28594
756 17343
1014 3481
3437 12672
5914 14428
5969 10762
4417 25408
7223 2908
6432 12759
9484 6204
960 5319
6804 6945
8700 9166
7692 12367
8530 22787
970 31556
5023 4447
6220 19283
2378 30331
6946 29583
7982 13723
4776 23018
1107 10220
3854 33182
8927 20490
6488 5324
5969 20677
7536 12643
2666 16677
1989 32068
7785 33196
7729 17828
5871 30426
7612 11697
1027 19703
5547 12408
7187 10508
4235 31238
1311 27443
8852 23501
2113 26128
8147 24650
1456 12192
683 16869
265 28465
9793 18713
5470 19634
2828 21972
8440 25901
3877 6177
704 26770
1383 15364
8825 17590
8025 3237
6595 33179
2329 21169
1306 13042
1058 29182
9489 8926
2524 2670
2260 6651
9862 8213
1284 26783
8612 3742
7130 5472
5843 19434
3505 21718
4863 15867
1883 11938
2748 10257
8598 29614
2663 29458
2752 27063
276 21807
9435 20489
2071 7365
1388 8586
8362 8833
6046 14330
9490 9928
3838 13433
1737 7766
1599 20810
1890 12837
7330 32982
1369 30352
1792 32244
9254 7608
7432 12647
7210 10535
3499 4264
7647 24243
6839 23015
6100 1189
644 20812
9851 10523
8631 25474
7198 30891
9992 20854
4921 26697
2576 18780
2540 13931
3487 4340
2523 1899
5540 9483
6195 8492
5009 29252
5834 2560
1493 2840
8529 3785
8805 32540
3392 29791
3549 14210
6977 22578
9279 31971
191 1073
1495 2620
1272 14826
6584 20790
1159 14578
6487 21418
3451 1159
9074 13924
7006 11380
208 28967
8503 7477
2603 16370
2074 15196
2611 14722
8759 20019
2890 12056
6683 32163
9932 14716
2743 26452
6815 5954
396 3862
613 16460
2601 11904
4682 21136
7030 10198
2580 15387
3519 8240
8672 18006
8882 1241
3525 26249
2105 32758
7095 30621
9918 8296
178 16678
5056 14579
2750 28577
3727 15007
2997 25081
4674 3678
897 28753
5565 12784
3608 4093
1243 7172
7516 30929
5057 11168
5975 12191
6750 9922
986 6651
6446 3144
6515 32577
9914 15629
5791 6874
2910 16469
689 9146
9817 10091
6855 27949
6050 21640
8553 1236
1222 10487
6955 29162
8396 24183
6097 31180
7063 4065
9263 3513
1076 13578
4140 17878
1943 5611
172 3445
3489 30975
6151 25750
3865 4333
7282 23214
7430 28007
6367 9896
4884 29522
7641 32810
2189 8231
6481 7705
6540 7321
9447 32351
9648 25208
5757 23276
418 31189
8488 28666
2030 4455
4862 30614
1777 30253
2503 32348
2429 11861
2455 30082
2104 15197
5821 9752
6279 18296
4453 27021
7122 16947
9137 19318
1776 12376
4996 30859
9255 13074
635 7922
8886 2643
3232 9153
8678 5747
5676 20926
4801 7450
4199 25961
6361 21855
573 6716
3243 32561
8272 7473
4351 2550
4289 2181
8110 3699
7465 19643
2531 8172
2114 10981
4383 14476
6888 9247
8807 17671
28 33372
9322 4989
5431 24165
1293 10658
6576 18206
2208 17948
8166 28171
6697 4396
3692 32020
4788 16529
7984 31109
8976 12969
4017 22617
3686 17626
7906 10168
2097 26928
4388 29118
1785 16199
9199 15486
708 13420
5813 19271
6087 28415
3582 1318
7269 2331
3444 9387
4507 24186
7827 5360
6429 29074
267 8152
4695 11268
339 20885
7604 32311
408 13677
9020 8768
5002 20413
7537 1542
1386 31038
3289 8355
3183 32647
6584 14093
761 11987
8219 21493
7482 10501
5665 30447
2102 11753
9095 16084
217 14525
1779 4964
8108 5872
3345 4656
7078 23593
4868 17080
3713 22411
3253 21968
2079 28216
7040 29768
2933 32531
661 24779
6651 13259
2097 28936
1874 25365
6833 8720
8978 26680
5727 19455
4806 5071
9158 14559
7832 6602
440 8905
1560 8375
1960 23885
1838 22080
1198 11797
80 11508
2076 6340
1489 10058
8548 8740
4771 21474
8882 20097
1072 24335
709 24400
664 23955
3586 5141
7168 13481
9396 29315
1011 17225
8136 23012
8762 12455
744 26043
7922 1021
9250 25512
7366 27018
9716 24717
3290 18650
2759 4335
1893 4169
2638 6303
4197 22979
4789 30105
8683 19661
8755 4652
2025 25033
7044 16987
81 27253
5814 12420
2244 33718
7231 32063
8864 21652
466 5769
1045 16005
1485 2594
3278 25326
6542 22323
3988 8679
4708 33588
7945 30271
8468 30221
3587 21183
4980 24955
5008 25779
133 14262
7194 24487
2090 30033
9779 13935
4790 16993
8965 25962
9105 12001
4565 12807
3136 3669
1459 33671
3547 13998
4218 14597
4844 9838
8565 8372
9262 22028
4723 29801
7606 14490
4225 32601
3690 12197
361 20771
2361 30301
3567 8721
3443 18421
497 19610
5022 17741
9149 32812
8057 24015
8740 4393
9882 16279