4712222 543
8470 341
6503 6634
5727 19469
9361 11778
4467 27262
8148 6005
6830 23581
494 10261
1945 3295
5439 5127
4607 2691
156 4202
2385 592
8719 17721
9898 20018
1729 5747
1541 15071
9915 2169
6302 25967
9897 17335
3814 29003
336 1622
4667 17973
7714 15441
6871 28553
7647 25847
2760 2962
2862 20337
9744 9023
781 27829
3038 12616
1845 22490
109 588
8945 9340
2651 19564
3808 27746
6732 16190
5353 24670
1104 15306
3551 24693
2626 19929
9957 24384
1843 19056
7379 5266
6311 14231
2442 17244
1326 24926
1541 5837
2085 16418
6544 23229
1118 5133
9661 4939
9933 23004
2309 14277
2389 1973
8748 5321
9075 27224
5832 6570
5576 27077
6515 5397
3293 24286
8639 9461
4770 22655
5577 23955
2055 4331
1153 27650
1727 17241
3433 14266
194 1407
1340 18307
2290 15757
386 28053
8912 15245
9761 2509
8591 24521
4949 6722
3033 27806
9171 16713
2594 1200
1658 19062
6362 17710
540 27924
6486 21848
4044 27895
4353 3902
839 10591
1023 9674
4024 4896
3202 27648
4487 19968
4737 8581
2002 353
7941 26718
3791 7200
470 18427
4896 4028
2486 24948
2424 18107
6620 14610
9517 23113
7619 14609
7454 19235
5252 20900
1559 16819
306 23098
1011 6524
2612 6144
2705 15289
488 3495
4346 3393
1590 823
9506 29614
5203 7748
6621 13758
9799 20880
5284 15098
801 19889
7160 28309
3625 20772
2295 18838
4182 6338
9660 18490
6194 8258
2891 20115
1514 19456
2637 16502
58 24572
2649 20628
4889 26662
8436 19175
145 30169
1419 24144
2001 22181
8654 10622
5702 10321
8479 3857
4392 28192
715 5375
2513 2900
6872 21303
4691 18161
9792 13701
6426 15555
588 5302
288 24482
1429 27388
3760 28917
935 10132
2157 4469
7192 26021
1332 20276
8695 2668
558 21725
6552 3734
9515 7741
8063 445
3756 22018
2426 16439
5999 16579
2532 16987
7440 22849
2952 20166
3198 493
419 3597
6108 28586
6285 24788
5737 12755
1704 18414
674 1616
2266 6086
4358 4613
56 1485
811 1212
948 2132
7759 4613
9561 28621
7985 23946
4147 781
225 23496
2164 7429
453 5835
469 11473
1662 12344
6442 26592
27 17553
9513 26454
652 5045
8316 13486
8025 4774
4021 2468
9908 19087
7394 18258
3628 10502
4417 26777
5827 9614
5877 29634
162 24672
8073 12133
8300 7787
8180 7818
2273 18073
2671 2063
3988 17492
8483 3402
7630 29513
4102 5102
2628 827
1927 1843
9975 11323
4184 13361
7435 1303
7596 17805
3034 23025
145 8792
1289 17522
7903 13364
8363 19487
977 22713
9173 14570
836 535
5763 20011
4670 19196
2553 7585
3697 440
1627 2995
2128 28319
1697 26876
6305 22958
2469 17671
2596 4978
5487 24151
8467 1318
3155 21419
8090 3100
1929 1360
4760 9310
318 2470
230 9876
2761 12343
5112 7464
7089 8182
3490 29865
4477 29877
5630 2925
1931 5929
8523 25723
4965 7202
4599 423
3264 4037
2528 10495
8263 1564
8119 6502
329 5330
774 29311
5550 6711
1523 21453
4927 30090
1766 488
854 5240
3832 18962
7716 1200
7581 19258
3010 8665
1203 11777
6442 26358
2763 2603
2327 19657
5111 6777
4890 21413
2853 20101
2431 14760
7387 13293
6543 19705
8707 1411
2359 13135
9353 6372
4488 19123
3219 20856
9360 1926
3360 8826
3274 29637
9364 24169
3025 13196
115 29917
8699 13017
4044 11885
4132 24723
4568 24529
8935 6859
9858 22596
6965 12353
9737 3884
6975 6954
4372 21757
2966 22832
2486 2907
1638 1211
2851 10367
2941 4975
2145 2523
6514 24054
178 23041
7828 21759
7873 3521
1937 1926
1786 15505
7401 24150
2704 22579
2737 12493
6537 1937
1996 5856
5708 10476
551 7262
303 16181
6644 14713
4858 20155
1465 13442
880 27911
2681 20724
8446 2052
2676 28596
9316 10340
75 1175
613 13118
4935 1317
698 28412
3834 13469
6491 20340
9093 28985
2592 19797
5148 26290
9317 19653
6743 18951
1261 22344
8762 635
7608 11492
2184 25564
3832 28803
611 24075
6000 29592
9559 17849
1630 25861
9544 6767
1243 26429
9177 28113
6080 20901
8686 20515
3995 8513
5604 26124
5762 23692
6431 2970
4087 28327
8789 10375
4973 15798
3850 6587
506 2904
2666 21521
2366 6006
2174 9310
8243 27789
5545 12464
916 7919
6707 7891
9235 2118
5208 1050
1542 5275
1425 603
1250 21398
3651 13884
7867 3271
1078 23213
8715 21845
8681 17846
5265 2069
3988 8819
5947 28589
8543 3165
5511 23545
7873 28618
8326 9901
4475 21432
5090 27452
9766 28870
7106 30201
3530 14723
6972 11900
5568 14315
1546 328
2091 25647
2640 3243
6466 22709
4684 5349
1345 1888
2063 908
1761 21521
891 30254
693 14446
2846 8249
5623 21730
7070 1048
786 4836
2229 18335
7041 15485
5632 10153
5751 11524
3362 20223
4769 2557
4958 5244
2729 23618
1028 25711
1004 20655
9499 22849
9518 18884
3345 18264
7916 8375
1199 16442
5075 22248
4609 20726
4432 26473
6708 2704
9815 20926
96 19675
6039 16865
9144 15036
5997 1114
6655 8556
841 24236
1358 20782
1134 21315
7844 18530
2014 14925
4189 2937
1653 19990
1637 5962
356 11193
3455 21716
7265 14308
5457 22533
6637 16603
4259 26603
1127 448
4216 12617
4031 27409
1083 29500
6861 21618
4158 24350
5267 1661
3679 12203
6912 29943
3564 15202
4951 28789
3656 1582
2223 974
6926 5702
9372 4131
262 4178
2622 19308
6 24271
9784 22245
2395 26804
5316 2985
5592 6998
5941 13022
6413 19337
6237 1761
9964 12808
6496 4259
5272 1815
8872 25237
4703 358
6267 14271
6218 15417
7818 24855
3042 18630
9291 512
1957 28382
713 16385
4777 24784
9818 8680
6544 26251
1682 18415
5901 17410
791 23373
8135 24277
8692 30256
11 26413
5793 13241
1366 2023
5187 328
7203 25078
1888 5371
1074 22274
2870 11633
4298 26453
828 2468
5632 9976
2601 28950
4696 3609
83 4986
2252 10416
1531 26967
7867 26979
8408 29721
6819 9126
7729 7816
9090 28966
9967 27981
5689 1640
1665 6321
6067 15021
418 29609
9876 18202
3944 17424
1765 3045
7534 28723
2271 5106
5605 9618
4310 2207
1015 23781
6633 21436
6812 24414
3559 4384
1296 12590
9155 30296
5348 1354
251 15008
3715 7791
117 5431
7961 16739
9707 25022
1055 7295
7482 25569
6426 18538
869 28218
2501 17959
1199 28786
6636 7762
2025 12458
8395 1446
3928 13337
9461 10947
810 6902
7833 4398