389452 712
470 341
503 634
727 1469
361 978
467 862
148 1205
830 781
494 661
945 895
439 327
607 1491
156 602
385 592
719 921
898 818
729 947
541 671
915 969
302 767
897 535
814 1403
336 422
667 1173
714 1041
871 953
647 647
760 562
862 1137
744 623
781 1429
38 616
845 890
109 588
945 940
651 364
808 1346
732 590
353 670
104 906
551 693
626 729
957 384
843 1056
379 466
311 1031
442 444
326 926
541 1037
85 818
544 429
118 333
661 1339
933 1404
309 1077
389 773
748 521
75 824
832 570
576 677
515 597
293 1486
639 1061
770 1055
577 1155
55 731
153 1250
727 441
433 1066
194 1407
340 307
290 1357
386 453
912 845
761 1309
591 521
949 722
33 1406
171 1113
594 1200
658 1062
362 910
540 324
486 1448
44 1495
353 302
839 991
23 1274
24 1296
202 1248
487 768
737 1381
1002 353
941 318
791 1200
470 427
896 428
486 948
424 1307
620 1410
517 313
619 1409
454 1235
252 500
559 1219
306 1498
11 524
612 1344
705 889
488 1095
346 993
590 823
506 814
203 548
621 558
799 480
284 698
801 689
160 709
625 372
295 838
182 338
660 490
194 1058
891 915
514 1456
637 902
58 572
649 1428
889 1462
436 1175
145 1369
419 1344
1001 581
654 1022
702 721
479 1457
392 592
715 575
513 500
872 903
691 1361
792 501
426 1155
588 502
288 482
429 988
760 1317
935 532
157 869
192 821
332 1076
695 1468
558 1325
552 1334
515 541
63 445
756 418
426 839
999 979
532 1387
440 1249
952 966
198 493
419 1197
108 986
285 788
737 755
704 414
674 416
266 1286
358 1013
56 1485
811 1212
948 932
759 1013
561 1021
985 1146
147 781
225 696
164 1429
453 1035
469 673
662 344
442 1392
27 753
513 1254
652 1445
316 1486
25 1174
21 1268
908 1087
394 1458
628 902
417 377
827 1214
877 834
162 672
73 1333
300 587
180 618
273 1273
671 863
988 692
483 1002
630 713
102 302
628 827
927 643
975 523
184 1361
435 1303
596 1005
34 1425
145 392
289 722
903 1364
363 1487
977 1113
173 1370
836 535
763 811
670 1196
553 385
697 440
627 595
128 719
697 476
305 1358
469 871
596 1378
487 1351
467 1318
155 1019
90 700
929 1360
760 910
318 1270
230 1476
761 343
112 1464
89 982
490 1065
477 1077
630 525
931 1129
523 523
965 1202
599 423
264 437
528 895
263 364
119 502
329 530
774 511
550 711
523 1053
927 1290
766 488
854 440
832 962
716 1200
581 1258
10 1465
203 977
442 1158
763 1403
327 457
111 777
890 1013
853 901
431 360
387 1293
543 505
707 1411
359 1135
353 372
488 1123
219 456
360 726
360 426
274 837
364 1369
25 1196
115 1117
699 1017
44 1085
132 723
568 529
935 859
858 996
965 353
737 1484
975 954
372 1357
966 1232
486 507
638 1211
851 767
941 1375
145 1323
514 1254
178 1441
828 1359
873 1121
937 726
786 1105
401 1350
704 979
737 493
537 737
996 1056
708 876
551 1262
303 581
644 313
858 955
465 1442
880 311
681 324
446 852
676 996
316 740
75 1175
613 1118
935 1317
698 812
834 1469
491 1140
93 1385
592 597
148 1090
317 453
743 951
261 744
762 635
608 692
184 364
832 1203
611 1275
1000 792
559 1049
630 661
544 767
243 1229
177 513
80 501
686 1315
995 1313
604 924
762 892
431 570
87 727
789 775
973 1398
850 587
506 504
666 1121
366 1206
174 910
243 1389
545 464
916 719
707 691
235 918
208 1050
542 475
425 603
250 998
651 684
867 871
78 413
715 1445
681 1046
265 869
988 419
947 989
543 765
511 745
873 1018
326 301
475 1032
90 1052
766 1270
106 1401
530 323
972 1100
568 1115
546 328
91 447
640 843
466 1109
684 549
345 688
63 908
761 1121
891 1454
693 1246
846 1049
623 1330
70 1048
786 1236
229 335
41 1085
632 553
751 724
362 1023
769 1357
958 444
729 818
28 511
4 1455
499 1249
518 884
345 1464
916 1175
199 842
75 648
609 326
432 1273
708 304
815 526
96 475
39 1265
144 636
997 1114
655 1356
841 1436
358 382
134 915
844 530
14 525
189 537
653 790
637 1162
356 393
455 1316
265 1108
457 933
637 1003
259 1403
127 448
216 617
31 1009
83 700
861 1218
158 350
267 461
679 1403
912 1143
564 802
951 1189
656 382
223 974
926 902
372 531
262 578
622 1308
6 1471
784 645
395 404
316 585
592 998
941 1022
413 1337
237 561
964 808
496 659
272 615
872 1237
703 358
267 1071
218 1017
818 855
42 630
291 512
957 782
713 785
777 784
818 1480
544 1051
682 415
901 610
791 573
135 1477
692 1456
11 1213
793 1241
366 823
187 328
203 1078
888 571
74 674
870 833
298 1253
828 1268
632 376
601 1350
696 1209
83 1386
252 816
531 567
867 579
408 921
819 726
729 616
90 1366
967 381
689 440
665 321
67 621
418 809
876 1402
944 624
765 645
534 1123
271 306
605 1218
310 1007
15 981
633 1036
812 414
559 784
296 590
155 1496
348 1354
251 608
715 591
117 631
961 1139
707 1022
55 1295
482 369
426 538
869 618
501 1159
199 1186
636 562
25 458
395 1446
928 1337
461 1347
810 902
833 798
603 792
802 378
451 652
543 982
578 1015
570 662
400 1036
900 518
854 928
233 716
928 1149
232 958
943 820
150 1060
658 1462
795 575
757 1061
149 1098
949 614
572 1088
666 538
518 975
478 1021
531 315
573 334
467 1205
965 657
527 1261
472 849
926 630
336 1050
913 425
339 837
281 637
639 693
167 1014
952 691
508 1435
7 437
626 1037
973 1364
571 708
88 381
376 1052
197 1352
829 576
575 1096
643 549
822 674
614 1243
292 1041
568 319
588 505
453 916
612 715
169 564
77 393
303 609
576 795
164 1489
971 1472
34 1258
429 1368
425 1210
782 1074
555 1210
394 882
767 1395
367 1174
258 802
477 1160
824 1272
550 1222
792 1477
198 705
953 1494
757 1043
15 381
442 1172
915 528
970 462
418 708
226 1008
437 1259
489 704
961 1019
809 1445
703 1266
695 867
535 487
977 856
24 1347
225 583
379 831
951 1283
985 1023
779 718
114 1120
859 1282
928 590
489 1024
972 777
537 1143
671 377
994 1368
786 1296
730 328
874 926
615 1397
30 1003
548 908
188 1408
240 538
316 343
853 1201
114 1428
152 1150
457 692
684 569
270 1365
796 1213
475 934
833 872
445 1201
880 677
705 870
384 1464
826 1290
26 1337
598 1279
330 1269
313 342
61 882
490 1026
531 770
261 1151
863 313
289 883
613 642
131 1172
844 734
506 618
868 767
884 438
753 1157
601 1314
664 1158
759 1163
281 707
438 589
78 665
389 686
363 933
51 430
495 828
843 733
738 1066
602 910
895 1337
331 1082
372 852
797 344
255 908
435 1147
211 1435
500 1164
652 743
844 715
103 489