100
640 -637
-380 -456
-651 -200
-550 -26
332 -10
-306 616
553 -386
105 181
76 -620
797 -483
503 -649
-205 844
-145 -681
984 -17
-779 -942
439 199
277 800
-472 43
542 -256
586 -317
-669 -126
-292 67
177 903
-573 -108
-381 -91
519 -327
579 -33
222 -320
690 244
717 135
121 -137
508 -462
-464 -128
-183 -982
767 817
784 744
659 443
-598 -925
836 -63
-460 150
149 -787
-158 -763
-373 146
434 -623
-527 243
725 -295
219 -814
-948 564
58 -469
-224 -563
144 -191
-27 -242
660 569
543 -576
-552 -858
950 -686
-791 741
-330 536
-905 138
170 86
-395 -166
9 -243
-925 59
465 644
987 24
-76 -709
-88 426
160 429
718 -44
-172 228
-410 157
-64 -543
312 307
-933 459
14 -594
-293 600
454 834
193 -854
-23 730
450 -212
-262 -799
-595 829
-335 -110
-870 -596
952 -396
-656 549
885 302
90 -246
10 -207
26 -618
-694 -139
-129 -882
-644 -268
131 217
724 -105
488 -895
929 509
-940 90
881 339
282 -797