1024
160000003 -150000000
160000004 -140000000
160000000 -129999991
160000004 -120000000
160000000 -109999998
160000006 -99999996
160000004 -89999997
160000001 -79999995
160000000 -69999994
160000007 -59999993
160000001 -49999997
160000004 -39999995
160000009 -29999995
160000003 -19999996
160000008 -9999999
160000009 9
160000000 10000007
160000003 20000008
160000004 30000002
160000003 40000006
160000004 50000001
160000007 60000008
160000003 70000007
160000002 80000007
160000009 90000009
160000003 100000009
160000007 110000009
160000000 120000002
160000004 130000000
160000005 140000007
160000003 150000001
160000008 160000008
150000002 -149999994
150000008 -139999993
150000007 -129999993
150000004 -119999996
150000003 -109999991
150000005 -99999998
150000007 -89999994
150000000 -80000000
150000003 -69999991
150000007 -59999998
150000006 -49999993
150000007 -39999996
150000003 -29999997
150000005 -19999995
150000006 -9999991
150000004 2
150000001 10000008
150000007 20000006
150000009 30000004
150000008 40000003
150000009 50000000
150000004 60000003
150000002 70000008
150000004 80000000
150000001 90000009
150000006 100000000
150000008 110000005
150000006 120000000
150000004 130000005
150000007 140000009
150000009 150000005
150000004 160000005
140000004 -149999993
140000001 -139999996
140000006 -129999998
140000009 -120000000
140000006 -109999992
140000008 -99999992
140000007 -90000000
140000007 -79999994
140000007 -69999998
140000009 -59999993
140000006 -49999996
140000000 -39999993
140000004 -29999996
140000006 -19999997
140000000 -9999993
140000008 0
140000001 10000008
140000009 20000005
140000000 30000005
140000004 40000000
140000004 50000002
140000009 60000004
140000002 70000005
140000004 80000000
140000003 90000000
140000002 100000006
140000001 110000006
140000008 120000001
140000002 130000006
140000007 140000001
140000005 150000004
140000005 160000008
130000009 -149999991
130000000 -140000000
130000009 -129999999
130000003 -119999998
130000001 -109999998
130000005 -99999999
130000009 -89999999
130000006 -79999995
130000007 -69999991
130000000 -59999999
130000001 -49999997
130000007 -39999993
130000003 -29999991
130000001 -19999999
130000008 -10000000
130000001 8
130000001 10000004
130000003 20000004
130000002 30000003
130000005 40000008
130000005 50000008
130000009 60000002
130000000 70000008
130000007 80000006
130000001 90000004
130000007 100000000
130000009 110000002
130000008 120000003
130000004 130000005
130000001 140000000
130000009 150000001
130000004 160000002
120000009 -149999998
120000002 -139999995
120000005 -129999997
120000008 -119999994
120000000 -109999993
120000009 -99999997
120000003 -89999993
120000008 -79999995
120000009 -69999993
120000009 -59999991
120000003 -49999999
120000006 -39999997
120000001 -29999993
120000006 -19999992
120000000 -9999998
120000008 6
120000006 10000003
120000004 20000004
120000004 30000001
120000007 40000009
120000000 50000001
120000002 60000002
120000008 70000008
120000005 80000004
120000007 90000006
120000003 100000007
120000003 110000007
120000009 120000008
120000005 130000000
120000009 140000006
120000005 150000007
120000008 160000001
110000008 -149999992
110000005 -139999999
110000005 -129999999
110000009 -119999996
110000007 -109999993
110000005 -99999997
110000001 -89999995
110000003 -80000000
110000000 -69999996
110000000 -59999993
110000001 -49999994
110000008 -40000000
110000006 -29999998
110000007 -19999999
110000004 -9999994
110000008 8
110000006 10000001
110000006 20000007
110000008 30000006
110000009 40000000
110000002 50000001
110000005 60000007
110000005 70000008
110000006 80000009
110000006 90000007
110000002 100000002
110000007 110000008
110000001 120000005
110000005 130000001
110000008 140000002
110000002 150000002
110000001 160000009
100000004 -149999994
100000003 -139999993
100000005 -129999993
100000008 -119999993
100000007 -109999991
100000007 -99999996
100000006 -89999994
100000002 -79999999
100000007 -69999999
100000005 -59999998
100000005 -49999992
100000001 -39999993
100000008 -29999993
100000001 -19999993
100000009 -9999994
100000007 5
100000005 10000004
100000005 20000005
100000006 30000008
100000002 40000001
100000008 50000004
100000002 60000002
100000002 70000004
100000009 80000002
100000001 90000003
100000004 100000007
100000003 110000008
100000008 120000003
100000000 130000005
100000000 140000002
100000007 150000003
100000009 160000005
90000002 -149999999
90000005 -139999996
90000005 -129999997
90000000 -119999994
90000001 -109999992
90000009 -99999994
90000001 -89999996
90000000 -79999993
90000004 -69999993
90000009 -60000000
90000007 -49999996
90000006 -40000000
90000007 -29999993
90000001 -19999995
90000006 -9999992
90000006 1
90000006 10000001
90000000 20000004
90000009 30000006
90000004 40000006
90000004 50000002
90000007 60000009
90000007 70000008
90000009 80000006
90000008 90000003
90000005 100000008
90000004 110000007
90000002 120000008
90000008 130000003
90000009 140000002
90000000 150000004
90000005 160000008
80000004 -149999991
80000005 -139999998
80000006 -129999998
80000006 -119999999
80000006 -109999994
80000008 -99999999
80000006 -90000000
80000003 -79999998
80000001 -69999994
80000003 -59999993
80000008 -49999995
80000008 -39999995
80000003 -29999991
80000007 -19999993
80000007 -9999994
80000007 7
80000002 10000009
80000002 20000003
80000009 30000004
80000001 40000006
80000004 50000006
80000001 60000001
80000000 70000003
80000001 80000008
80000009 90000005
80000002 100000004
80000007 110000000
80000003 120000005
80000003 130000009
80000007 140000006
80000003 150000003
80000005 160000008
70000009 -149999993
70000002 -139999999
70000005 -129999994
70000000 -119999998
70000008 -109999997
70000006 -99999995
70000008 -90000000
70000007 -79999995
70000001 -69999994
70000001 -59999998
70000005 -49999993
70000003 -39999991
70000002 -29999998
70000002 -19999993
70000009 -9999998
70000000 6
70000005 10000004
70000009 20000007
70000002 30000006
70000001 40000000
70000007 50000009
70000003 60000002
70000001 70000006
70000009 80000009
70000009 90000007
70000009 100000007
70000008 110000002
70000005 120000009
70000007 130000009
70000000 140000008
70000001 150000007
70000006 160000007
60000000 -149999998
60000001 -140000000
60000002 -129999992
60000006 -120000000
60000009 -110000000
60000009 -99999993
60000005 -89999996
60000008 -79999992
60000005 -69999991
60000003 -60000000
60000004 -50000000
60000003 -39999991
60000000 -29999991
60000002 -19999994
60000005 -9999998
60000004 2
60000007 10000004
60000009 20000008
60000002 30000007
60000002 40000002
60000008 50000005
60000001 60000004
60000001 70000001
60000005 80000006
60000001 90000008
60000003 100000004
60000007 110000009
60000007 120000002
60000001 130000004
60000008 140000004
60000009 150000001
60000000 160000002
50000003 -149999995
50000000 -139999996
50000009 -129999991
50000005 -119999993
50000006 -109999996
50000005 -100000000
50000001 -89999992
50000004 -79999999
50000005 -69999996
50000008 -59999995
50000000 -49999997
50000005 -39999997
50000008 -30000000
50000005 -19999995
50000005 -9999999
50000006 5
50000003 10000004
50000004 20000009
50000007 30000002
50000008 40000004
50000009 50000007
50000004 60000002
50000009 70000004
50000003 80000009
50000009 90000009
50000006 100000004
50000001 110000009
50000003 120000000
50000007 130000000
50000008 140000009
50000003 150000005
50000004 160000006
40000002 -149999991
40000003 -139999993
40000001 -129999997
40000001 -119999998
40000005 -109999993
40000002 -99999998
40000007 -90000000
40000009 -80000000
40000009 -69999994
40000001 -59999992
40000007 -49999997
40000002 -39999993
40000005 -29999994
40000006 -19999992
40000005 -9999999
40000002 7
40000002 10000003
40000008 20000002
40000007 30000006
40000008 40000004
40000000 50000006
40000004 60000001
40000006 70000008
40000008 80000004
40000008 90000001
40000006 100000007
40000008 110000004
40000004 120000005
40000007 130000002
40000000 140000005
40000009 150000001
40000003 160000005
30000005 -149999993
30000001 -139999997
30000009 -130000000
30000008 -119999994
30000009 -109999991
30000000 -99999992
30000000 -90000000
30000001 -79999991
30000002 -69999998
30000002 -59999997
30000003 -49999992
30000008 -39999994
30000003 -29999993
30000000 -19999993
30000009 -9999993
30000002 3
30000000 10000009
30000007 20000001
30000001 30000004
30000004 40000008
30000006 50000002
30000003 60000001
30000000 70000001
30000003 80000002
30000002 90000009
30000009 100000009
30000007 110000003
30000004 120000006
30000006 130000001
30000003 140000006
30000004 150000000
30000000 160000004
20000003 -149999995
20000004 -139999999
20000001 -129999997
20000000 -119999993
20000001 -109999997
20000002 -99999997
20000007 -89999997
20000007 -79999994
20000002 -69999998
20000007 -59999994
20000002 -50000000
20000009 -39999999
20000006 -29999991
20000003 -19999997
20000002 -9999996
20000001 6
20000008 10000004
20000002 20000000
20000005 30000009
20000004 40000004
20000004 50000003
20000005 60000006
20000003 70000000
20000002 80000000
20000001 90000008
20000009 100000003
20000005 110000003
20000001 120000002
20000003 130000003
20000003 140000003
20000004 150000007
20000002 160000007
10000005 -149999994
10000006 -139999996
10000009 -129999994
10000007 -119999999
10000003 -109999996
10000003 -99999997
10000001 -89999991
10000000 -79999992
10000005 -70000000
10000007 -59999996
10000000 -49999996
10000008 -39999996
10000001 -29999991
10000003 -19999992
10000005 -9999996
10000008 5
10000000 10000001
10000001 20000007
10000008 30000008
10000003 40000001
10000006 50000008
10000000 60000001
10000002 70000008
10000000 80000000
10000007 90000005
10000000 100000005
10000009 110000008
10000002 120000001
10000000 130000000
10000000 140000003
10000006 150000008
10000002 160000008
3 -149999994
9 -139999994
2 -130000000
5 -119999995
1 -109999994
7 -99999994
7 -89999995
0 -79999993
1 -69999995
6 -59999992
1 -49999991
0 -39999994
9 -29999998
5 -19999993
2 -9999997
9 4
6 10000001
4 20000000
3 30000005
8 40000009
1 50000001
4 60000009
9 70000009
7 80000006
4 90000002
9 100000007
8 110000005
4 120000006
2 130000009
2 140000006
5 150000001
8 160000006
-9999996 -150000000
-9999999 -139999995
-9999993 -129999992
-9999995 -119999991
-9999995 -109999993
-9999992 -99999995
-9999994 -89999993
-9999991 -79999996
-10000000 -69999993
-9999997 -59999994
-9999996 -49999995
-9999991 -39999991
-9999992 -29999994
-9999998 -19999991
-9999992 -9999994
-9999996 5
-9999999 10000008
-9999992 20000008
-10000000 30000003
-9999999 40000000
-9999999 50000004
-9999996 60000002
-9999997 70000001
-9999999 80000001
-9999996 90000006
-9999998 100000007
-9999997 110000001
-9999998 120000002
-9999992 130000009
-9999993 140000005
-9999995 150000002
-9999995 160000002
-19999997 -149999992
-19999992 -139999994
-19999998 -129999999
-19999998 -119999996
-19999996 -109999992
-19999997 -99999994
-20000000 -89999993
-19999992 -79999999
-19999998 -69999991
-19999991 -60000000
-19999999 -50000000
-19999991 -39999995
-20000000 -29999996
-19999996 -19999994
-19999995 -9999997
-19999992 3
-20000000 10000002
-19999994 20000005
-19999997 30000000
-19999997 40000001
-19999992 50000001
-19999994 60000006
-19999993 70000009
-19999996 80000002
-19999994 90000003
-19999997 100000001
-19999993 110000008
-19999994 120000003
-20000000 130000006
-19999993 140000004
-19999996 150000005
-19999996 160000004
-29999992 -150000000
-29999993 -140000000
-29999998 -129999998
-30000000 -119999997
-29999995 -109999992
-29999994 -99999991
-29999996 -90000000
-30000000 -79999992
-29999996 -69999992
-29999994 -59999994
-29999992 -49999997
-29999995 -39999991
-29999998 -29999994
-29999995 -19999998
-29999993 -9999996
-30000000 6
-29999991 10000004
-29999998 20000006
-29999998 30000008
-29999998 40000001
-29999997 50000002
-30000000 60000000
-29999995 70000008
-30000000 80000007
-29999992 90000003
-29999991 100000001
-30000000 110000008
-30000000 120000003
-29999998 130000006
-29999995 140000005
-29999999 150000004
-29999997 160000004
-39999993 -149999992
-39999998 -139999991
-39999991 -129999998
-39999993 -119999997
-39999995 -109999991
-40000000 -99999994
-39999994 -89999993
-39999997 -79999992
-39999999 -69999992
-39999992 -60000000
-39999998 -49999997
-39999998 -39999994
-39999993 -29999996
-39999996 -19999992
-40000000 -9999991
-39999992 1
-39999994 10000000
-40000000 20000009
-39999992 30000004
-39999998 40000004
-39999997 50000003
-39999999 60000003
-39999999 70000002
-39999999 80000004
-39999992 90000003
-39999997 100000006
-39999998 110000001
-39999996 120000004
-39999996 130000000
-39999997 140000000
-39999991 150000006
-39999992 160000009
-49999998 -149999994
-49999994 -139999999
-49999991 -129999994
-49999998 -119999991
-49999996 -110000000
-49999998 -99999997
-50000000 -89999997
-49999999 -80000000
-49999991 -69999991
-49999993 -59999992
-50000000 -49999996
-49999998 -39999996
-49999991 -29999998
-49999998 -19999993
-49999996 -9999996
-49999992 9
-49999998 10000007
-49999995 20000002
-49999992 30000003
-49999998 40000007
-49999996 50000003
-49999994 60000003
-49999996 70000009
-49999996 80000004
-49999993 90000004
-49999999 100000004
-49999992 110000008
-49999999 120000005
-49999991 130000002
-49999992 140000007
-49999998 150000005
-49999998 160000002
-59999996 -150000000
-59999992 -139999991
-59999993 -129999996
-59999995 -119999994
-60000000 -109999999
-59999996 -99999992
-59999991 -89999994
-59999995 -79999991
-59999994 -69999998
-59999993 -59999991
-59999998 -49999998
-59999997 -39999999
-59999998 -29999992
-59999993 -19999999
-59999995 -9999999
-59999993 0
-60000000 10000002
-59999998 20000005
-59999994 30000005
-59999995 40000006
-59999998 50000006
-59999995 60000006
-59999998 70000002
-59999991 80000006
-59999996 90000000
-60000000 100000004
-59999993 110000000
-59999998 120000007
-59999998 130000001
-59999992 140000002
-60000000 150000005
-59999991 160000002
-69999998 -149999997
-70000000 -139999998
-69999996 -130000000
-69999999 -119999999
-69999998 -110000000
-69999996 -99999994
-69999992 -89999998
-69999995 -79999999
-69999995 -69999995
-70000000 -59999995
-69999991 -49999992
-69999992 -39999996
-69999995 -29999996
-69999993 -20000000
-69999994 -9999993
-69999994 8
-69999998 10000003
-69999999 20000000
-69999999 30000003
-69999993 40000001
-69999998 50000007
-69999997 60000007
-69999993 70000000
-69999996 80000004
-69999995 90000003
-69999997 100000007
-69999993 110000009
-69999991 120000008
-69999991 130000002
-69999997 140000002
-69999991 150000003
-69999995 160000008
-79999994 -149999991
-79999994 -139999992
-79999994 -129999995
-79999999 -119999992
-79999994 -109999998
-79999995 -99999991
-79999997 -89999995
-79999998 -80000000
-79999992 -69999998
-79999992 -59999994
-79999997 -49999993
-80000000 -39999992
-79999994 -29999999
-79999995 -19999999
-79999991 -9999998
-79999991 7
-79999998 10000004
-80000000 20000009
-80000000 30000003
-79999998 40000009
-79999999 50000004
-79999994 60000007
-79999999 70000003
-80000000 80000002
-79999997 90000000
-79999994 100000009
-79999994 110000006
-79999995 120000007
-79999991 130000006
-79999997 140000009
-79999997 150000006
-80000000 160000001
-89999993 -149999995
-89999995 -139999991
-89999991 -129999999
-89999999 -119999997
-89999995 -109999996
-90000000 -100000000
-89999998 -89999992
-89999991 -79999992
-89999992 -69999997
-89999994 -59999993
-90000000 -49999997
-89999997 -39999991
-89999994 -29999999
-89999992 -19999991
-89999999 -9999993
-89999995 8
-89999999 10000005
-90000000 20000009
-89999995 30000005
-90000000 40000009
-89999996 50000003
-89999996 60000008
-89999992 70000001
-89999998 80000007
-89999996 90000000
-89999993 100000008
-89999997 110000002
-89999999 120000003
-89999994 130000004
-90000000 140000009
-89999992 150000000
-90000000 160000000
-99999994 -149999997
-99999991 -139999992
-99999996 -129999999
-99999991 -119999997
-99999999 -109999994
-99999993 -100000000
-99999996 -90000000
-99999994 -79999996
-99999998 -69999992
-99999995 -59999995
-99999992 -49999994
-99999997 -39999995
-99999994 -29999992
-99999996 -19999996
-99999998 -9999999
-100000000 4
-99999996 10000002
-100000000 20000000
-100000000 30000004
-99999997 40000000
-99999994 50000008
-99999997 60000006
-99999996 70000009
-99999998 80000005
-99999992 90000009
-99999994 100000009
-99999998 110000007
-99999991 120000006
-100000000 130000001
-99999998 140000007
-99999996 150000009
-99999993 160000005
-109999999 -149999999
-110000000 -139999998
-109999992 -130000000
-109999994 -120000000
-109999993 -109999992
-110000000 -99999993
-109999994 -89999991
-109999995 -79999999
-109999994 -69999991
-109999993 -59999994
-109999999 -49999995
-109999993 -39999997
-110000000 -29999993
-109999995 -20000000
-109999992 -9999992
-109999996 6
-109999999 10000001
-109999992 20000005
-109999994 30000003
-109999991 40000006
-109999994 50000005
-109999991 60000004
-109999996 70000000
-109999995 80000001
-109999998 90000008
-109999996 100000007
-109999992 110000001
-109999999 120000004
-109999991 130000008
-109999992 140000006
-109999998 150000006
-109999996 160000007
-119999998 -149999992
-120000000 -139999999
-119999997 -129999996
-119999994 -119999997
-119999992 -109999999
-120000000 -99999995
-119999996 -89999994
-119999993 -79999991
-119999994 -69999995
-119999992 -59999992
-119999999 -49999991
-119999996 -39999998
-119999996 -29999993
-120000000 -19999992
-119999997 -9999996
-119999998 8
-119999994 10000002
-119999997 20000004
-119999997 30000007
-119999999 40000001
-119999995 50000004
-119999998 60000007
-119999998 70000000
-119999995 80000006
-119999991 90000001
-119999998 100000000
-119999996 110000008
-119999993 120000008
-119999997 130000003
-119999998 140000002
-119999999 150000002
-119999995 160000004
-129999999 -149999997
-129999991 -139999993
-129999995 -129999991
-129999991 -119999993
-129999993 -109999994
-129999993 -100000000
-129999995 -89999999
-129999995 -79999999
-129999999 -69999994
-129999991 -59999994
-129999999 -49999994
-129999998 -39999994
-129999997 -29999998
-129999996 -19999998
-129999991 -9999997
-129999993 2
-129999998 10000008
-129999995 20000007
-129999995 30000001
-129999993 40000005
-129999997 50000004
-129999993 60000003
-129999997 70000007
-129999994 80000006
-129999996 90000002
-130000000 100000008
-129999992 110000007
-129999998 120000006
-129999992 130000006
-129999997 140000008
-129999995 150000009
-129999995 160000000
-139999991 -149999991
-139999999 -139999991
-139999991 -129999992
-139999993 -119999994
-139999993 -109999999
-139999999 -99999999
-139999993 -90000000
-139999995 -79999992
-139999997 -69999993
-139999997 -59999993
-139999991 -49999998
-139999997 -39999999
-140000000 -29999999
-139999997 -19999992
-140000000 -9999992
-139999993 1
-139999998 10000008
-139999998 20000000
-139999998 30000000
-139999991 40000005
-139999995 50000007
-140000000 60000003
-139999998 70000002
-140000000 80000003
-139999992 90000004
-139999993 100000001
-139999992 110000001
-139999993 120000000
-139999993 130000004
-139999994 140000002
-139999996 150000007
-139999999 160000000
-149999997 -150000000
-149999995 -139999992
-149999994 -129999997
-149999998 -119999994
-149999991 -109999994
-149999998 -99999999
-149999992 -89999993
-149999997 -79999995
-149999997 -69999997
-149999998 -59999993
-149999997 -50000000
-149999996 -39999994
-149999999 -29999994
-149999997 -20000000
-149999991 -9999994
-149999992 5
-149999994 10000008
-149999995 20000007
-149999992 30000009
-149999992 40000004
-149999997 50000008
-149999999 60000003
-149999995 70000005
-149999997 80000000
-149999992 90000008
-149999997 100000006
-149999993 110000008
-149999996 120000006
-149999994 130000009
-149999999 140000004
-149999999 150000007
-149999995 160000007