1234
-213 27 212
-274 -114 -147
-290 -130 -45
69 168 -298
-70 186 -257
-138 119 87
-285 102 255
-186 122 -255
-217 192 -271
-119 260 -17
-244 25 -178
-156 -31 46
-213 -28 -50
-42 252 19
-92 12 90
-32 111 -19
97 141 -220
-110 81 -212
-110 110 -184
-225 209 220
42 221 -202
1 183 -5
-246 -282 -104
-1 78 117
-211 -224 42
181 299 66
-118 -104 12
61 179 252
67 257 -54
-77 71 124
-113 -88 156
-2 11 -22
73 198 -277
92 288 94
-174 295 25
-136 221 -46
-25 78 -131
51 94 -165
-170 105 -160
-195 -85 -224
-182 -177 161
26 264 244
-261 -66 216
180 223 -240
-49 -26 206
-28 286 111
-120 11 89
-103 233 44
-49 34 288
-137 211 179
45 266 -39
-208 156 197
-275 251 147
111 243 -148
-46 49 -187
51 131 -221
-252 -204 172
-195 -119 -213
-150 -65 182
-77 102 -83
-152 250 227
-13 216 111
-294 34 -252
150 259 191
-252 -280 -146
-237 191 -97
-178 -89 150
-291 -189 -97
-254 253 242
-201 3 126
-284 159 154
-34 131 98
-251 107 -203
145 189 -216
-217 249 -85
-11 14 -147
-22 190 226
-193 246 265
-144 20 -202
-22 11 90
-272 -243 156
-279 -201 -215
153 233 81
-269 -173 -78
137 230 -297
-272 249 -69
52 115 266
-192 181 -148
-226 -60 -79
-278 118 -39
21 66 165
-212 -136 -8
64 109 -21
-241 13 -187
-242 245 -284
155 257 -205
-260 212 107
-213 220 263
-37 288 280
69 212 104
-135 50 -272
184 243 -121
-221 134 -56
-241 217 128
4 124 -277
139 259 -33
-215 108 277
-211 -74 100
-132 132 -165
-291 176 257
-216 117 89
0 56 -209
-294 -261 -136
-201 -225 -169
-137 -21 159
-224 117 57
-243 -143 -29
-233 83 -108
-198 3 -178
-66 47 224
-33 214 -22
-158 -141 127
-167 -97 -187
-299 177 -185
-187 -183 148
-229 9 -249
-123 28 182
-24 280 -267
-10 96 -199
-6 108 235
-285 176 13
153 238 294
-213 285 150
-4 224 -230
153 180 -249
-223 -107 -207
3 91 -131
82 241 51
-180 82 198
-205 99 -195
17 212 4
51 221 -256
-262 -43 -108
-271 45 255
-202 230 -133
-154 -152 -134
-176 272 97
24 201 190
-70 279 -81
-226 -41 228
-131 219 -137
-287 -230 -179
-263 223 -83
-62 150 96
-242 -271 238
-22 217 -122
-170 -127 -86
-148 -18 -85
-243 95 177
-119 129 -249
-258 -245 248
-282 255 282
-229 58 -181
105 133 281
-108 -69 7
-158 110 45
-151 112 -73
2 282 -86
-54 277 -238
-25 107 -101
-216 195 -19
-270 259 196
5 277 -233
-197 14 136
-83 101 274
183 266 122
-100 -26 18
2 141 72
78 225 -10
-272 56 16
190 271 -152
-93 171 174
-254 132 295
-267 143 -133
-16 140 -98
-34 -16 -81
-60 295 15
-118 60 292
-276 -179 74
-272 286 -202
5 152 -130
-276 -94 186
-205 93 258
-268 41 -194
1 204 -291
-175 61 -162
-80 168 286
-25 282 -243
-285 27 -140
-229 198 -189
-253 -215 -114
-259 172 -231
130 246 -24
-254 161 -91
-157 173 -246
-105 274 -232
-158 199 52
-23 182 283
-214 -29 0
-151 162 -115
-125 38 -274
4 168 5
140 253 -262
-225 119 110
199 246 21
-296 -296 266
-188 294 -77
-228 -157 -294
-212 280 221
144 252 28
-198 -63 132
-171 -168 -123
-40 154 258
-1 286 40
-128 -75 269
-169 290 -43
-216 66 152
-142 106 -290
-28 169 196
-6 -2 234
-286 -6 196
-67 207 -113
105 196 -279
-92 47 -69
-297 -69 222
-127 -25 284
-290 286 241
-177 209 224
-226 -66 -15
-123 271 141
50 146 -92
-12 28 -124
-169 -99 191
-173 28 -81
-86 90 206
-155 -168 267
-237 -230 2
121 156 208
86 192 -175
-288 -199 -227
-138 2 240
-204 -53 292
-143 180 259
-290 94 -69
-238 -103 -136
-298 -216 172
-254 291 -121
-145 -165 -116
-225 -188 181
-227 27 166
-201 281 -133
-179 -65 191
26 60 -88
-234 -148 -119
48 138 235
-221 68 -254
-30 71 292
-264 -70 -149
-171 214 139
-127 -133 -31
52 113 127
95 174 -66
192 261 292
-191 -212 196
-230 45 211
146 243 276
-108 217 290
-268 -287 132
233 269 9
-79 278 -193
-130 115 32
-159 -155 78
-278 161 242
134 296 43
-269 -243 268
-255 -27 183
-85 165 20
-147 -131 -115
-158 36 -105
-67 134 207
-231 -151 -88
-236 79 -194
-152 248 58
-181 -25 -286
-213 -61 -172
-269 -97 110
-214 -198 -244
-182 175 -103
-281 -42 -61
-120 238 -64
25 56 94
-123 -36 149
144 188 82
-258 -284 117
-71 93 -204
-240 -136 285
-241 135 -206
-66 130 172
-194 60 167
-197 122 -145
45 141 136
-120 179 149
-282 -9 -250
-260 -38 34
-225 114 -257
-277 -80 -275
31 222 -98
-175 84 -175
-146 -161 -243
-248 188 196
-71 -83 212
-76 59 71
-58 205 131
21 236 -298
101 300 89
99 158 196
-240 -142 41
-76 228 29
69 85 23
-259 127 33
-50 -29 133
-49 246 -292
-169 285 -73
-244 -199 64
-224 -75 -159
-166 30 260
205 270 155
-37 -25 -300
-266 85 250
-242 -66 -226
-128 228 239
-225 148 116
-82 130 17
-26 8 80
31 279 -82
-136 -67 281
-106 -76 -42
-171 265 93
-193 -150 -223
-89 35 122
126 216 203
-264 138 -111
-273 -78 -137
-268 95 -171
-277 -108 -8
176 262 -203
-281 -45 8
-220 265 50
-201 210 -149
-259 -86 -183
-251 75 258
-228 176 -291
-284 -214 -129
-279 -62 266
237 298 -39
-66 -32 -71
-52 243 -151
-243 145 213
-261 32 -292
-153 264 27
-94 275 -61
-255 136 -165
-24 94 -105
-242 -195 -12
128 280 -269
-150 91 251
13 171 -116
-191 114 -222
94 194 -236
-259 -297 139
-153 -94 -78
13 70 167
42 248 -170
-295 19 -260
53 269 232
-288 87 -252
-254 -290 -191
-253 186 -29
-32 136 -161
131 197 -44
-87 136 -87
148 196 -129
-105 188 -262
-284 -291 27
105 136 -86
-167 226 3
-181 57 -2
-231 85 66
-227 41 170
11 144 283
-25 13 -68
-245 198 -246
16 286 -162
-60 154 -154
-257 -215 -47
-144 264 29
-135 156 -34
-6 195 136
-192 93 -235
187 226 -64
62 214 -61
135 157 -157
118 155 -51
117 134 159
-269 -92 238
-132 36 209
-285 -170 208
-75 48 -276
-213 -150 -238
-288 -232 -281
-5 287 80
-64 95 55
-150 249 -212
-158 195 -55
-287 -140 209
2 75 180
-193 292 93
-149 48 298
-167 -117 97
121 158 282
-157 213 -201
-234 -155 -196
-177 93 226
109 178 -256
-12 239 -257
154 197 -90
-201 143 274
-110 -34 -209
-280 -188 57
-120 0 229
97 137 103
141 202 -260
-37 -34 -165
-207 127 -23
-247 190 -30
-6 274 182
-194 -121 -66
44 77 277
-149 -124 -201
-229 175 -255
-214 -59 -188
-249 -71 261
-240 91 271
-166 31 258
163 197 145
-257 -176 -178
-227 -162 272
-205 -112 67
-33 38 5
-296 7 -278
-158 -148 -167
-209 -191 127
-237 -94 86
-245 49 -256
-141 -150 -174
-10 61 -222
43 109 -203
-120 279 -295
-300 83 193
-179 61 -53
-113 89 219
-278 -136 -227
-298 224 25
-286 -145 80
-237 -220 233
72 115 -208
-154 212 -121
-286 91 -20
-285 105 -147
-257 -179 94
19 34 -233
-200 214 160
-64 176 60
-240 208 -173
-212 -91 240
-276 102 200
-135 -59 -25
-225 183 112
45 226 -265
25 253 124
33 202 224
-223 226 -63
-124 72 135
-277 76 80
-134 283 -190
-164 249 126
143 252 84
87 234 123
-212 -36 269
-44 16 268
183 300 -228
-86 48 -300
-96 -96 -195
-121 -2 -225
-277 -258 -183
-42 198 79
80 193 126
-192 -37 -61
-143 272 -123
-293 195 196
-51 149 -294
10 101 138
-179 76 -195
30 123 -59
-237 -111 160
-214 234 218
-138 126 -158
-81 13 205
-13 34 102
-211 -69 -57
-122 171 130
-200 -150 55
-71 86 -265
-86 132 -21
-243 97 134
-140 239 70
-55 91 265
130 208 143
-244 -179 -237
-257 99 -157
-138 72 166
-220 56 220
-299 -186 -191
-125 284 -209
-271 188 -55
149 224 -239
-193 178 219
-296 266 57
-229 92 260
37 214 -232
-135 236 215
-74 259 -230
-252 -181 102
198 264 -287
86 280 -114
90 107 -54
-16 12 51
-109 73 -126
-69 24 71
-212 213 -15
45 191 -106
-299 45 -193
-227 -107 -13
9 20 -96
11 16 -161
-175 -52 -50
-230 238 99
-289 256 127
-204 220 -64
-155 74 256
-199 128 290
-93 -51 128
-192 -109 -292
-104 -62 249
-91 -5 -228
-262 -163 -187
-110 214 -169
-216 183 200
-52 188 139
-111 208 -50
-181 199 9
-73 257 13
-155 204 -226
-97 119 231
-194 -5 27
-213 48 -153
-200 137 229
141 299 -7
-186 50 93
-114 7 -300
-159 152 -28
81 206 194
-52 86 257
-125 0 -222
-184 -93 -82
-16 130 249
236 282 -283
-261 -179 -35
43 237 256
115 210 -68
133 286 -223
-147 131 58
-222 -61 -216
-159 66 -116
9 169 248
122 267 -124
-222 56 260
209 268 -208
147 299 258
-226 -259 205
-60 47 283
-102 163 126
-284 59 -137
3 139 -253
-66 152 140
14 290 254
-205 118 -16
12 198 -27
-252 99 291
-269 101 213
-45 -3 -63
-250 -152 46
-127 137 161
-72 118 -213
-40 187 195
198 252 -169
-200 -184 86
-108 49 287
-164 141 53
-56 293 31
-179 -100 -183
-185 205 -46
-242 -176 125
-93 -31 19
63 96 -255
-112 -49 -152
-116 242 -194
-80 266 -250
-72 202 -66
131 258 -248
-166 -54 -76
-184 -208 -136
-30 158 -246
-144 -166 185
-274 71 208
-300 -213 -207
-69 298 232
-249 -104 265
-77 -64 98
-28 119 118
-200 249 -212
-50 16 148
-86 137 144
-294 96 -215
-85 -59 -34
-224 211 -204
-172 -194 150
-183 167 106
-177 -132 283
-170 51 -18
-260 70 291
-161 -107 223
45 92 -137
-246 -61 -288
-85 199 -177
42 98 -11
142 268 30
-71 239 16
46 210 -8
-43 247 -261
-278 -113 -76
23 90 -181
-221 -66 -280
-11 269 93
46 69 210
-258 -58 -59
-182 -197 -73
-215 280 147
-175 115 -77
-192 221 44
-290 -107 87
100 273 -214
105 220 -79
-105 35 -24
137 255 -270
-140 263 -232
-176 40 -253
-156 -171 145
-246 66 -152
-172 194 -178
88 281 -42
-17 164 -103
-155 -60 55
-136 262 -212
-192 -43 252
184 215 -204
17 115 -25
-174 -185 -158
-157 134 244
-15 128 224
69 104 4
-292 -40 -151
-5 291 169
57 239 176
-146 -155 -293
-218 223 -195
204 238 202
-46 287 143
-259 188 -183
-65 202 -63
-69 193 -129
120 223 108
-62 34 -287
-221 -134 -39
-277 260 122
-56 -7 -110
-261 -229 234
-42 126 162
-154 69 -26
-213 -162 210
-199 39 -123
21 282 -138
-30 -9 -108
-196 126 -222
-19 118 195
-82 249 106
-79 195 66
-24 159 128
-294 -29 -22
110 272 226
-57 163 -295
-152 -27 -215
-228 37 -250
214 252 21
-274 -81 168
-252 68 25
-125 127 289
-212 49 261
-259 -15 -252
-294 96 251
72 255 147
-66 192 138
-90 213 203
-159 -132 -219
-186 63 154
-49 35 163
-35 79 -247
37 221 63
-191 296 195
-188 -100 -259
-155 78 -79
27 288 -31
-222 -251 -215
-296 57 -268
-139 156 -289
-238 -254 -296
-292 -265 113
-160 126 190
-2 51 -270
78 204 -156
208 291 -234
95 149 77
-107 -115 296
-128 -74 -280
-227 -108 -231
-140 197 -3
-191 174 114
14 78 -236
-90 -4 126
-297 285 101
39 244 3
106 249 247
-66 190 87
-258 296 -241
-237 157 214
-193 78 -287
-22 -15 -53
-280 -216 92
-48 130 88
-259 -291 109
-45 -13 59
-271 -252 -138
62 74 -104
-77 153 13
-222 197 -172
253 298 -41
-265 37 -70
90 167 31
-6 192 -136
-161 186 214
-143 190 24
-105 115 45
-280 -52 110
-28 137 79
-84 195 139
-194 235 -220
-203 266 194
-197 -177 -64
-184 97 204
-183 254 -275
-8 186 -193
-279 -25 201
-42 213 219
-228 133 -159
-173 255 133
-88 158 -27
-1 156 127
-1 178 105
-22 157 -282
-232 53 -98
-213 273 -263
-293 -80 -209
18 93 -262
102 294 -203
-256 -247 -207
-61 -25 131
-29 87 -293
-46 11 -238
-233 -38 -20
-152 60 269
-213 -6 176
-119 -103 257
-257 -75 114
-100 131 -199
162 192 274
65 152 22
-288 154 153
-66 251 -286
-270 -45 15
-100 117 236
-113 -65 281
-8 57 -61
-223 1 102
-279 -147 -143
19 109 217
-9 199 -224
-15 -4 186
-215 -237 13
-245 9 -129
-146 195 -51
1 291 15
217 281 -263
-296 -139 -159
-182 118 295
-264 -11 -48
-279 -69 -148
27 101 247
-11 251 32
-244 70 192
-73 109 192
-80 22 94
12 140 80
70 191 -255
162 294 -22
-245 -145 -219
-7 201 -125
58 160 170
195 239 -122
-30 227 295
-152 20 -205
-241 -261 125
78 172 144
-43 275 -156
-92 251 176
-123 71 -19
-162 -109 -36
-282 183 -162
-296 -296 229
-205 106 158
-34 198 90
-91 280 -24
-194 119 -142
-161 212 227
-211 -46 128
-236 -170 -281
-215 133 45
-212 50 198
-237 127 31
-274 171 -74
39 182 156
192 277 295
-239 288 270
-212 264 -15
-41 203 -151
11 290 102
187 223 210
-155 -23 56
-10 102 254
-216 168 112
72 149 -171
-157 85 115
76 114 171
-115 126 -177
-184 300 -42
14 21 239
-282 205 -278
-167 287 -172
-51 135 -278
-109 151 -203
-189 172 127
-143 9 156
-289 188 -21
-203 -197 -98
-182 55 255
-254 -79 232
18 90 -30
-204 189 -188
-204 -148 236
-151 59 -12
-30 240 23
87 251 -160
-209 -84 -99
-143 -111 247
-199 109 166
-263 -108 19
-242 231 -26
149 297 111
-115 290 -46
-115 226 293
-275 -213 -14
-12 136 -201
-195 -183 -256
-119 -74 127
68 193 -161
-198 -194 1
-76 38 192
-196 -171 -136
153 262 -120
-62 236 -96
-17 9 -74
-96 283 -29
-153 226 -252
-273 225 52
-169 -181 -224
-300 -40 -96
-265 299 41
-10 263 -61
33 260 -192
35 139 5
-21 269 -23
-191 -87 -87
-144 -138 -271
-265 131 -80
-209 -62 295
-94 144 261
-68 201 -263
-155 -159 6
-280 248 28
-255 -72 240
-26 251 -118
-209 82 -272
-26 235 -286
36 299 -59
-23 172 163
149 272 66
-97 198 9
-194 65 -262
132 193 244
114 140 -271
-240 202 -69
2 29 -260
-275 -37 -6
-293 -189 148
-283 32 -50
-98 61 -85
192 266 -233
-203 254 209
159 252 -150
-67 86 -192
-68 164 -55
-146 73 181
-102 281 -78
-66 45 117
-276 21 -152
163 198 76
-50 259 8
-283 263 280
-100 -32 -214
-236 -226 -118
-197 -225 -167
-201 -123 92
-116 -16 114
-135 171 -262
-232 103 207
-220 65 -175
-203 -40 266
96 154 209
-57 209 -176
-133 106 -78
-34 145 -201
-152 123 -48
-268 -120 135
-67 229 246
-77 206 -21
36 141 261
-70 -63 -269
83 205 212
-300 -47 -200
-287 20 86
88 293 -79
36 291 -289
119 240 218
-272 -114 222
-272 -75 -124
-271 268 -161
-127 297 -52
-223 262 194
20 132 49
25 80 -225
-137 112 106
-182 78 159
49 208 251
7 46 48
-198 -105 38
-87 138 268
-284 -145 62
-42 217 -102
-174 99 291
-212 -190 53
-55 130 -78
-272 10 -219
-218 35 -247
145 284 -196
-243 17 -36
-272 167 185
-224 -247 204
-92 197 -40
-242 207 -124
-168 71 -87
84 267 -190
-178 -46 201
203 283 113
-284 -199 55
-278 210 28
-64 128 -107
39 249 -169
-191 44 -300
-287 -20 211
-172 -193 255
-208 -9 235
22 255 -51
124 187 -207
64 262 -285
-112 289 -260
-279 130 163
-167 99 23
-235 -66 4
-264 -287 -62
178 229 -250
-44 68 -161
-204 145 109
-105 -34 -297
167 291 107
-224 -75 -235
145 249 -211
-89 75 275
14 288 115
-288 4 -267
-225 -62 237
-202 114 -30
-151 -148 160
-126 266 92
-194 11 298
-73 30 185
-77 148 224
-252 136 74
-226 84 22
-51 82 -143
-264 -163 -141
30 260 -156
-159 -90 110
-255 132 120
-264 35 -235
-299 -263 73
-260 -146 -176
-191 -27 -182
-157 120 197
-289 55 -139
-160 238 282
217 257 63
-264 299 11
87 272 30
-26 162 164
-94 78 4
87 109 175
-266 31 232
29 160 -64
5 189 -149
-179 263 114
-49 128 -285
1 92 223
-181 -114 107
-296 251 -265
-162 -174 276
-94 39 126
-95 -6 266
-11 293 299
149 264 192
123 255 -112
135 216 -140
-33 50 240
-42 205 -102
-31 -27 -45
128 258 -292
-24 236 -247
-171 72 288
-240 -77 -176
-185 93 -262
-80 140 76
-127 225 -273
-134 151 -291
-187 -96 -159
-201 149 150
-7 233 -201
-261 59 -187
-198 -109 205
-82 291 -234
-185 96 217
-203 95 41
123 287 242
133 272 142
-194 41 122
-137 -150 -291
-272 -32 -141
146 265 -228
-252 -111 -260
-93 114 110
-127 225 -115
-59 88 248
-189 -139 256
-279 -220 -131
-227 161 -59
116 175 -160
-268 183 -174
-213 161 -143
-256 -239 14
-28 139 -114
-114 -62 289
-172 18 -116
-106 277 15
-221 -160 -1
-259 277 -142
131 239 -235
-206 -114 53
-152 -39 -160
-103 250 -225
-234 279 -16
-261 -188 -161
-156 221 148
-138 -17 194
136 228 213
-261 180 -281
-37 128 -159
-108 -30 51
14 284 -237
-169 230 201
89 286 -11
-277 -137 -210
-279 -41 -299
-188 153 -36
-234 -225 -233
-37 8 -64
-138 -1 116
-256 -295 55
-8 -1 255
-210 -125 265
-276 136 219
-159 -27 -120
-137 247 -32
-206 175 272
-279 90 -193
-68 77 128
-277 46 -126
-102 -110 -156
132 174 -138
65 201 -144
99 179 175
-238 -78 -276
-93 209 -142
-154 72 -239
-123 191 -140
-165 -154 -128
-228 -99 126
-211 -221 -94
3 171 -245
-189 84 186
-136 49 296
-86 105 -184
-283 -112 -254
156 268 -214
-44 127 91
-288 209 -215
-17 4 134
240 294 176
-179 -187 -235
-101 -38 -279
-82 161 293
-177 186 194
-263 78 297
-34 -4 -245
-7 182 -122
-102 -27 194
-147 87 138
-91 -81 -155
-187 -43 217
16 142 141
-289 91 158
-42 117 -298
-114 49 93
-228 -44 224
-182 12 277
-170 -93 218
-58 -40 223
-231 115 -6
-142 136 -133
83 178 -44
-90 22 -13
-77 212 -163
-176 -4 11
-285 71 157
-224 -118 -90
-174 -155 -285
-72 151 163
-244 -178 -219
-24 146 185
-120 238 -167
-297 -199 -248
-38 -10 190
-249 -21 90
-177 63 172
-241 251 -113
-252 -141 -263
-43 273 55
-33 7 179
-37 182 -163
133 164 255
5 102 240
5 229 47
-210 166 123
28 137 -187
-98 -78 -149
-89 181 67
-281 13 -155
-263 -271 -81