1699
-115 -185 107
-109 16 -62
12 -172 -104
-272 -36 -217
-137 -239 -240
-3 -202 281
-104 -35 77
-86 -10 -196
135 -72 58
206 -228 228
235 -132 277
163 -262 -200
212 -275 -81
-249 -151 21
4 -40 134
126 -190 -147
186 -147 -129
252 -89 263
285 -177 -79
-200 -292 -289
71 -175 -162
-174 -180 25
71 -232 -56
182 -278 -272
111 -159 241
-169 -243 193
-143 -32 177
-22 -35 115
-211 -200 -22
173 -261 205
-271 6 -249
-112 -70 -123
-23 -107 168
-203 -265 -297
-151 -264 -232
-77 -105 -285
177 -38 -284
-218 -126 214
215 -288 -197
-102 -11 221
-176 -274 -140
-259 -169 117
-51 -278 -60
-33 -197 -160
274 -121 -273
169 -121 -278
-83 -273 271
101 -223 -161
-298 -132 -183
59 -241 131
-5 -174 153
-144 22 -122
69 -95 -190
-107 -226 129
112 -206 -263
182 -157 -267
-109 -254 -63
253 -156 -97
192 -109 168
-130 -41 -92
-16 -110 -85
-187 -190 86
-263 -181 235
12 -179 -110
121 -91 220
-265 -281 222
-172 -163 215
-279 -235 15
282 -251 -231
-275 -67 30
4 -170 31
185 -154 62
37 -117 70
-188 30 263
191 -156 208
-211 -52 10
100 -114 70
-215 24 129
246 -253 1
-296 -113 -287
-164 -141 -88
255 -94 147
-286 -224 21
-294 -92 -31
63 -73 -2
85 -76 120
156 -197 47
-41 -255 -296
-241 -90 -275
2 -81 193
-90 -155 222
-168 -12 -191
-23 -98 -250
-124 -65 138
-295 -101 217
59 -72 -152
-167 32 -232
-109 -13 115
0 -222 3
-96 -130 -127
-82 -225 176
-220 11 -115
-64 -205 134
145 -208 93
-36 -35 -50
297 -293 -99
253 -130 6
-18 -277 -77
203 -279 -205
-193 -218 253
-234 -151 240
-38 -272 -26
-55 -283 191
81 -84 -130
106 -123 198
-41 -206 -290
-142 -46 -130
-243 -180 152
-107 -42 -48
-204 -246 -81
37 -299 -136
12 -232 -66
48 -57 -235
281 -143 281
-167 -10 -98
-32 -73 23
232 -267 -147
150 -255 44
23 -270 -4
46 -43 -264
97 -55 165
16 -99 -255
-38 -40 12
277 -238 66
209 -152 -42
-160 -72 130
94 -275 43
-290 -35 -118
-106 -239 243
159 -168 -2
131 -126 161
-14 -225 -58
88 -43 176
115 -233 -189
-295 -98 182
11 -23 66
-105 -69 -240
35 -140 -202
-130 -49 -126
-186 -197 -271
278 -270 -252
-78 -138 -65
-206 -125 292
30 -140 -16
61 -114 -15
-132 -34 252
-59 -14 -192
-96 -88 203
104 -140 61
85 -198 -257
-130 -187 222
34 -235 -65
-57 -179 262
-6 -135 16
-6 -10 207
-203 -20 120
3 -162 -26
-97 -176 266
-50 -281 81
202 -283 -175
-243 -194 -110
238 -263 287
51 -28 -245
-178 -252 224
65 -280 185
297 -265 -278
-31 -130 102
-295 -142 272
222 -81 68
-214 -283 -128
-155 -125 -74
-82 -121 24
-123 -269 -128
-37 -169 -240
157 -32 45
161 -201 -61
-191 -29 -107
-174 -64 -33
-236 38 -292
-93 -45 -27
-107 15 234
18 -18 -138
106 -180 236
-87 -100 -224
-166 -198 -81
15 -167 -104
-185 -36 151
-118 -142 278
272 -259 117
-2 -229 173
8 -245 29
140 -299 -275
49 -215 -198
-221 -44 -218
-236 -156 232
251 -196 -300
-124 -256 -88
133 -294 -198
-41 -70 129
-216 -160 87
-277 -263 164
-280 -80 187
-139 -52 -128
22 -23 23
1 -34 168
-23 -37 -179
-100 -143 8
-3 -119 275
133 -244 31
-245 -71 100
-248 -156 -53
-5 -267 142
254 -106 -83
26 -216 -6
-175 -146 272
-275 6 282
-44 2 -248
262 -269 -121
163 -148 164
-117 -15 272
-267 -18 -147
-108 -126 232
-290 14 -205
168 -131 142
-191 -134 -118
-45 -126 238
138 -115 -65
8 -152 45
-130 -203 -100
-178 -206 -263
27 -104 -147
59 -96 117
238 -190 271
67 -249 -93
-63 -157 -68
-297 -140 -200
-243 -247 -196
262 -112 237
277 -203 227
172 -204 -196
-27 -22 -207
30 -86 -133
-250 -108 74
-248 -226 -82
57 -45 159
294 -275 227
39 -73 258
-15 -284 -97
63 -250 139
43 -296 57
200 -157 231
-50 -57 26
232 -57 -222
46 -149 93
-130 -241 164
-71 -278 -103
216 -231 154
-199 -10 254
73 -109 -90
-124 -22 286
-95 -89 -262
-90 -17 -131
64 -33 -67
-181 19 -290
86 -184 -132
206 -105 157
-154 -80 -16
73 -271 192
293 -262 108
-92 -110 196
-111 -247 -116
193 -131 -77
-59 -55 71
63 -191 -236
80 -151 141
-232 -183 4
156 -231 50
-75 -66 43
282 -102 -176
178 -266 -55
-63 -96 150
269 -127 243
-251 -54 191
-7 -140 -114
128 -27 -198
-207 -283 41
-173 -80 53
290 -262 -274
25 -180 -279
-216 -119 158
-219 -295 -135
-16 -218 280
-215 -27 -133
230 -258 -293
132 -214 68
276 -104 -62
7 -102 18
87 -248 50
-18 -26 -182
196 -180 111
243 -111 -201
-254 -195 275
-52 -63 193
-177 -220 -291
-291 -158 86
-10 -28 17
-197 -8 -41
-203 -18 134
-17 -104 269
-283 -10 -137
-237 -190 -79
87 -128 -158
-101 -118 151
95 -246 -241
198 -76 23
-166 -298 -80
-276 -5 -47
140 -299 226
-226 -134 274
-239 -103 267
-116 -219 -113
-238 -139 259
-207 -139 -131
14 -123 261
-174 -166 120
-109 -59 -182
-237 17 -30
-115 -92 -149
-6 -240 217
-96 -295 178
261 -199 -180
-164 -238 140
-240 -108 -37
-204 -32 -271
207 -56 -74
-129 -105 230
31 -23 25
-147 -113 -268
-78 8 99
-257 48 -191
-82 -12 -181
-31 -191 267
-49 -149 140
88 -194 17
-208 27 -150
37 -191 -61
-253 -238 90
-13 -168 8
55 -263 -100
-179 -107 -116
-87 -19 -28
266 -53 206
-66 -100 130
26 -131 -297
-198 -289 177
-24 2 270
-159 -189 57
-213 -267 265
-251 -113 114
188 -152 124
-94 -251 -200
89 -245 -138
-247 -292 -34
-152 -17 -116
39 -120 -179
300 -189 66
-167 -68 -100
193 -106 202
-255 -224 198
-207 -4 130
-137 -235 122
83 -185 231
17 -176 -188
-70 -67 153
-299 -46 84
-295 -162 -148
53 -253 78
-23 -295 -240
75 -168 -179
-195 -170 -166
211 -164 0
287 -220 27
278 -233 -244
54 -300 170
40 -164 111
-54 -87 261
3 -281 155
59 -43 240
43 -125 66
-102 -105 -295
-28 -73 -129
-29 -97 298
82 -225 101
255 -158 -198
-205 -254 -78
74 -148 -156
217 -86 135
88 -183 -266
-173 -272 -238
-96 -6 148
30 -100 60
224 -272 165
-205 -30 -91
-28 -93 -259
-202 8 300
-77 -242 65
-122 -123 74
86 -279 200
-24 -212 -48
245 -126 -161
269 -218 -70
-237 -90 -241
94 -274 -300
123 -27 -129
-8 -97 266
81 -26 -143
142 -227 226
-112 -263 -172
-22 -141 -175
-191 -261 -223
204 -297 143
222 -117 43
124 -139 56
-199 -267 254
183 -236 -147
219 -184 178
-260 19 -17
33 -218 27
117 -90 -272
86 -80 153
-90 -49 -167
-269 8 129
235 -228 132
145 -94 5
-20 -133 154
161 -206 34
248 -250 -3
-249 1 235
43 -233 -254
162 -127 -99
277 -250 -233
-117 -291 44
100 -266 270
-275 -49 52
85 -281 -266
102 -80 212
254 -94 -165
139 -43 81
95 -263 -47
-130 19 23
-169 -91 89
102 -66 178
105 -223 228
63 -162 -203
-52 -46 -199
-92 -115 220
239 -268 -181
-132 -126 117
170 -127 82
253 -282 229
111 -36 -3
22 -250 39
240 -122 -110
149 -57 58
178 -153 258
103 -226 75
-294 -133 126
-88 -188 26
-60 -70 148
162 -290 -299
-146 -165 -70
-237 2 -295
-264 -218 44
232 -68 -123
70 -123 -282
-45 -238 234
129 -31 227
181 -251 -156
-57 -117 255
-37 -138 106
123 -123 66
0 -101 -208
10 -91 -74
-14 -231 -8
174 -139 160
-200 -253 -274
-113 -206 -145
232 -113 -25
-139 -145 -159
-205 -297 -39
158 -111 64
-213 -110 -48
-266 4 155
125 -177 1
-209 -160 -12
-117 -33 -45
37 -49 -216
-105 -103 124
244 -280 -244
101 -30 -67
-199 21 -279
-79 -230 237
-256 -265 -231
-133 -297 -214
-95 -236 243
-243 -122 -231
-120 -107 -72
-139 -225 122
170 -254 50
-199 -56 221
-138 -160 -210
56 -158 -195
143 -297 -80
-271 -118 -153
269 -104 47
-287 -73 84
-93 -103 23
-14 -115 202
-3 -160 126
-293 -141 290
62 -118 -286
-190 -75 134
-253 -90 -62
-123 -172 39
123 -159 179
39 -181 -214
-128 12 143
-17 -218 83
31 -90 65
-37 -260 230
13 -12 170
298 -206 -297
-112 -256 145
239 -240 -68
-244 -197 -141
213 -204 286
-295 -60 -100
-142 -256 -24
-215 25 -244
-18 -62 -7
195 -68 224
184 -119 -155
67 -184 -129
-159 -157 275
111 -160 -249
-297 27 -299
61 -47 123
277 -102 257
-85 -141 256
-206 27 -80
3 -82 31
79 -185 -46
282 -196 -144
283 -241 102
-192 -72 -27
14 -209 -71
-184 -68 -286
190 -67 167
-257 -111 -282
-47 -164 -192
-136 -189 182
76 -100 -31
-154 -124 -284
22 -20 -215
277 -200 -154
-181 -273 -55
-235 -135 134
-34 -130 67
179 -253 -184
-208 -209 42
15 -72 -285
67 -201 227
-108 -212 285
250 -72 92
62 -81 240
-232 -171 206
-172 -212 220
-36 6 62
143 -262 21
150 -96 184
-203 -252 60
257 -84 -196
-39 -112 189
-249 -8 -275
-48 -84 4
299 -88 -50
232 -178 -267
-125 -163 244
-221 -15 -39
-51 -175 71
-199 20 -154
-125 -218 -156
-139 -215 -191
-123 -128 260
-118 -83 -116
160 -239 213
-95 -207 -179
-293 -232 178
-10 -124 136
-265 -74 -292
-19 -163 171
32 -242 150
200 -126 291
242 -287 119
9 -102 -131
-297 -17 -101
-219 -95 -171
292 -188 215
14 -39 -120
126 -261 192
-24 -83 -293
109 -248 286
133 -267 -141
-118 -3 282
-95 -200 120
-73 -48 6
198 -243 273
-264 -184 240
113 -104 169
-48 -212 -35
144 -100 -80
229 -104 -123
-115 -289 93
-265 -98 -56
-272 -137 -259
9 -161 -24
-28 -61 -59
-71 -272 119
-129 -221 272
-91 -62 -135
-92 -36 154
242 -63 178
245 -274 -38
133 -31 -79
-238 -44 -56
109 -24 -72
-189 4 163
-242 -220 -239
145 -144 -184
-144 -43 149
-102 -255 -75
-224 -148 118
-239 -122 -51
107 -266 183
-128 -180 139
-236 -115 264
-81 -281 243
179 -149 -174
55 -41 283
104 -136 -15
-270 -28 -199
33 -54 -50
171 -249 278
22 -143 -173
221 -67 -91
38 -280 43
-16 -186 -158
-181 -15 83
200 -155 242
291 -156 24
-11 -230 -71
130 -78 -184
49 -175 -241
102 -41 -93
-27 -246 -171
-28 -88 284
-192 -6 -42
240 -264 -250
-197 -186 162
-278 -130 171
136 -288 288
-136 -197 257
-34 -175 1
168 -177 -190
101 -261 263
-72 -268 -249
-300 -164 -145
79 -220 -264
-141 -273 -242
-256 -149 123
-137 -170 -80
183 -273 -299
269 -190 56
2 -54 136
-101 -119 47
87 -110 -293
-19 -149 261
175 -127 205
-300 -294 216
-274 -159 158
-32 5 -70
224 -76 190
-239 17 61
256 -147 68
-287 -29 281
-163 -116 129
234 -147 -284
293 -295 -28
184 -281 106
-232 -215 -119
84 -282 291
-196 -11 287
175 -76 -124
-27 -214 72
-279 -224 32
-280 52 300
-216 -13 61
-167 -34 -10
-179 -139 89
-227 -37 173
-238 -235 22
268 -177 65
-20 -2 -101
-283 -102 -293
-214 -164 -268
233 -189 -205
-191 -134 125
0 -50 -242
27 -292 181
-95 -76 43
-35 3 -44
61 -242 -116
-140 -55 -156
-176 22 102
-16 -84 -296
-172 -112 75
104 -300 141
38 -39 -178
238 -201 189
174 -173 55
-212 -194 187
-286 -231 -241
227 -74 -221
25 -16 -39
-38 -221 -10
268 -254 61
-233 -213 -78
227 -229 166
-90 -281 18
-53 -55 13
41 -77 11
-61 -37 -40
218 -276 -215
166 -187 167
111 -120 -115
252 -116 -294
207 -157 66
204 -129 -251
260 -185 -5
18 -46 204
60 -94 182
63 -234 -84
6 -167 116
-112 11 110
-55 -166 134
-57 -278 -157
-149 -227 39
46 -179 -300
-290 41 16
111 -31 28
-293 -268 280
-203 -8 23
-122 -185 -181
60 -166 291
98 -42 -143
-5 -276 241
-138 -78 3
19 -263 259
-237 -68 27
-125 -299 -183
23 -134 283
275 -229 -69
196 -272 -183
-265 -254 185
56 -75 -287
110 -132 -140
-155 29 196
289 -76 -191
51 -126 -175
-5 -249 -43
-259 -202 -198
-186 -104 -142
-84 -123 3
105 -238 -121
129 -114 -156
-107 -185 144
-92 -240 251
-75 -38 133
-70 11 231
-104 -46 -57
-201 -16 62
254 -142 203
189 -244 284
-275 25 -87
279 -123 25
68 -242 259
-111 -148 155
-83 -276 -156
249 -229 -274
-2 -217 89
36 -184 -219
-208 -240 200
-157 -85 34
80 -196 -198
15 -177 -239
-96 -245 196
-253 -131 103
9 -137 108
108 -180 103
60 -166 110
-137 -193 45
219 -288 26
72 -254 252
209 -219 234
113 -107 -269
-154 -41 238
69 -20 289
-290 -85 -90
-52 -191 282
48 -233 -160
-9 -16 58
-54 -12 175
124 -130 194
177 -41 116
-256 -2 104
-95 -181 129
-157 -259 -222
87 -180 -73
-45 -39 21
242 -251 -59
-215 -254 33
209 -265 100
-284 -175 21
188 -253 -61
77 -134 -61
213 -267 -185
-250 19 -222
213 -270 -55
-173 -112 -88
106 -188 -235
-50 -9 -88
-256 -118 -166
-225 -183 13
-218 -280 -24
-255 -98 -225
-168 -297 93
-168 -182 -288
83 -41 -67
-201 -118 -147
-176 -234 -111
-161 -27 -136
-227 -264 261
-86 -156 209
-205 -103 54
110 -142 248
110 -121 186
213 -118 274
137 -38 130
-284 -295 -225
248 -200 43
86 -100 242
-192 -109 85
-188 -64 -16
-35 -78 233
-279 -147 138
-284 -93 -278
-45 -32 234
-280 -24 -203
-295 -261 98
-35 -160 179
-291 -143 187
-18 -204 196
38 -60 15
50 -238 -269
60 -256 -241
-298 -121 -193
292 -235 166
-173 -67 103
-87 4 134
-198 16 -229
164 -60 -226
259 -260 -244
-45 -101 167
-279 -130 -173
201 -154 -63
-120 -152 240
-214 -260 72
-152 -14 -256
48 -258 82
-233 4 -225
293 -172 -35
67 -83 -146
283 -250 35
230 -66 -55
186 -160 -229
-116 -7 272
250 -203 92
-133 -279 283
234 -112 -245
-130 8 188
-264 -211 86
42 -149 26
-24 -148 232
-68 -179 -242
-68 -253 212
-299 -189 -112
23 -133 -83
-235 -130 -120
293 -103 193
-86 -93 -171
-188 -211 -30
243 -82 -172
136 -180 -189
114 -219 20
-131 -136 296
-254 -39 200
-143 -292 -109
119 -24 146
-68 -212 -48
-177 -225 -33
-102 -67 -237
-192 -43 265
-36 -32 262
-102 -44 213
-215 18 -294
-85 -135 -145
228 -195 101
-33 -148 -33
-246 -16 -291
-72 -93 -95
81 -105 84
172 -280 26
-98 -93 237
148 -208 -105
105 -275 -127
-50 -47 -177
202 -72 225
240 -89 240
-280 -104 -99
53 -149 201
201 -196 -269
-246 -42 229
105 -115 -245
-261 -231 -5
-184 -114 -262
226 -227 -84
-277 21 160
-282 -100 -27
-183 -39 -38
-63 -32 -87
1 -40 -200
-40 -66 255
265 -230 -199
-48 -199 216
88 -81 -135
-254 -273 19
193 -148 -147
101 -183 105
268 -80 -152
-94 -14 232
-260 -15 -298
139 -205 57
179 -50 -154
120 -256 -224
-87 -12 -42
-162 -81 300
-204 -250 -49
-144 -300 53
-43 -176 146
50 -226 -51
80 -140 -153
-89 -161 238
-156 -144 231
-34 -247 228
-223 17 115
-70 -148 272
-126 -133 -29
58 -13 82
-93 -209 -223
-230 -58 110
-259 -46 150
-224 -107 -25
34 -246 -92
-209 -222 -53
74 -115 -263
287 -87 -242
-252 -80 173
41 -289 -246
-106 -270 -224
75 -227 162
260 -124 -31
278 -105 18
199 -182 -156
166 -200 146
42 -264 -38
-82 -176 164
283 -106 -232
218 -111 59
-178 -27 -244
-99 -257 -119
258 -182 136
-87 -110 -287
91 -278 45
-131 -141 211
-98 -151 215
249 -71 188
94 -137 -16
-194 -185 137
221 -279 -139
-194 -266 209
-242 -228 -58
-80 -141 261
-206 -69 48
283 -123 -75
-21 -13 -246
59 -44 -200
-61 -20 -153
31 -99 -111
-33 -271 298
-255 7 63
-252 17 -253
-294 -157 50
-45 -164 -207
-122 -242 -28
-18 -152 9
-73 -71 -299
-220 -243 -240
228 -63 -132
113 -221 -160
246 -126 -179
-178 33 115
-35 -228 104
-131 -117 -84
-161 -135 51
-260 -275 65
24 -140 265
-239 -138 223
-231 -104 -161
-227 7 104
170 -157 -216
222 -95 88
38 -15 25
165 -234 -252
-36 -293 -179
-293 52 -168
-241 -286 272
-10 -269 90
44 -81 -142
-107 -33 34
-8 -235 293
209 -190 -154
-245 -207 198
210 -59 215
-214 -68 -266
-66 -233 68
-43 -79 -62
-139 -125 -120
-210 -243 14
-220 -98 235
-169 -148 -270
231 -127 63
-233 -296 44
-253 45 -204
-28 -148 23
29 -132 -171
-266 -53 277
195 -286 -49
197 -195 -86
-217 -294 298
-272 -293 120
15 -136 182
260 -229 -183
-78 -283 196
123 -280 273
217 -43 164
-295 -226 168
178 -176 68
-135 -282 -235
-181 -26 -288
53 -184 92
57 -244 -220
-88 -42 183
27 -22 -192
-238 -251 149
14 -251 -11
-135 -181 232
-282 25 -199
-280 40 153
-73 -196 276
252 -294 -196
-61 -248 -83
-205 -98 -8
-206 -110 149
-56 -13 -35
1 -49 282
257 -219 293
171 -254 190
-72 4 196
12 -84 -45
-33 -62 -27
-7 -89 120
80 -203 95
42 -170 191
53 -150 -141
-196 -227 -50
-114 -252 225
9 -148 -32
-297 -121 58
211 -194 -20
-36 -57 -170
-26 -132 -258
-144 -128 227
-130 -64 63
14 -210 -115
-130 -161 -269
-120 -234 -178
-196 -140 -247
-221 -272 -123
-22 -263 -58
-34 -38 -250
196 -188 -107
-224 41 2
-170 -22 32
-250 -115 295
-116 -134 170
-37 -195 -147
-5 -14 141
146 -225 -238
77 -300 153
-123 -27 119
220 -234 163
-255 -209 -146
-220 -75 -291
30 -292 -87
-11 -221 -160
284 -191 265
107 -188 -1
-192 -100 -16
-3 -41 -272
-271 51 150
-81 -22 298
-216 -175 161
127 -299 -71
-63 -83 197
-78 -67 0
-169 -144 -81
-287 44 125
-200 28 -64
23 -298 -38
-78 -107 95
-102 -18 -83
-84 -47 191
-226 -70 88
-45 -234 85
55 -190 234
193 -256 -160
227 -126 266
-101 -166 -238
-22 -254 -61
58 -29 -1
243 -69 83
242 -253 -170
-261 -29 -251
205 -160 186
76 -282 39
9 -92 -90
206 -154 -205
67 -110 286
293 -137 -206
19 -78 130
117 -63 202
-107 -154 273
-19 -193 -121
70 -272 263
-108 -34 -268
260 -267 223
37 -27 -5
-56 -51 -239
-227 -94 224
12 -289 183
-147 -54 -204
-139 11 81
-256 -63 -130
64 -200 12
86 -212 -235
-130 -110 -165
-276 -139 166
138 -294 -294
293 -298 25
-31 -151 19
-131 -292 -196
189 -55 -253
53 -62 -117
-180 -263 -235
97 -90 -49
-170 30 -96
-189 -35 -166
152 -187 164
-117 -221 -58
-234 -4 -55
-271 -202 32
256 -299 96
-128 -93 -225
184 -138 239
214 -207 250
5 -182 -167
-151 -144 -114
107 -290 33
255 -65 -96
-106 -239 76
6 -134 209
198 -219 56
-102 -119 247
57 -269 -189
137 -298 89
255 -239 -136
-211 -242 -77
-296 24 223
-297 -79 6
46 -191 103
-234 -177 232
30 -250 -33
-98 -279 -298
87 -60 -100
285 -103 -55
-198 -287 182
-61 -247 -81
-188 -267 -191
10 -27 -179
247 -272 -17
-275 -120 -63
-179 -259 68
9 -243 12
-233 -219 -136
36 -43 294
-216 -214 96
-8 -189 89
264 -120 -1
-205 -98 30
-68 -195 -72
-52 -145 123
-219 -141 -74
-279 -82 -244
-42 -72 215
-91 -14 -109
-168 -201 -132
-7 -276 -207
-202 -246 -10
284 -168 -248
-166 -5 55
252 -88 56
254 -94 -296
-127 -10 -142
1 -83 -112
-11 -19 -110
-74 -265 -195
-269 -45 287
72 -97 76
-115 -110 -280
-15 -199 265
88 -168 -136
289 -237 -74
86 -55 79
-262 -114 -237
76 -89 -82
-164 26 -118
102 -181 -19
-277 -158 25
-273 -251 62
40 -36 173
108 -49 -219
-94 -287 197
-89 -155 -125
51 -238 -143
-203 -288 280
290 -83 -35
-67 -33 -257
-208 -16 243
18 -251 -22
-175 -143 137
0 -129 13
-238 -102 194
230 -52 -196
150 -223 4
136 -106 101
234 -184 268
-19 -148 -144
-169 4 -219
285 -171 -66
-160 -40 -244
-276 -262 230
-286 -4 -274
1 -146 255
-188 -96 -86
-19 -116 -234
128 -288 -238
252 -117 -104
223 -113 -261
-174 -93 -189
61 -288 -152
99 -180 286
-142 -178 45
-282 37 97
61 -62 263
94 -42 90
-288 -160 -42
213 -108 -92
241 -220 -130
-163 -210 164
68 -43 -271
-13 -232 72
-160 -182 -56
-188 -56 36
20 -66 -26
-60 -224 -287
50 -290 -292
-140 -114 -147
-153 -117 -169
122 -245 -54
223 -103 -97
-298 -185 132
-38 -7 -242
226 -239 97
58 -180 140
241 -193 -127
294 -259 -135
-183 -227 -182
42 -90 -67
235 -181 17
-225 2 127
-263 -27 273
-148 -204 280
111 -247 47
-13 -14 182
24 -66 248
-112 -217 297
13 -77 -206
174 -137 231
-108 -221 -296
-74 -142 -193
-160 -213 -214
-293 -175 -119
237 -64 -123
137 -223 40
-100 -57 125
-22 -243 116
-185 -131 -77
-233 -156 -266
-87 -1 169
45 -256 23
-95 -267 -195
-186 36 -175
-8 -5 -270
64 -169 -222
234 -295 274
299 -69 255
-98 -98 180
-182 -279 -193
-31 -7 -272
-77 -289 292
146 -121 161
201 -88 -40
239 -58 -243
138 -267 131
200 -105 -52
-188 -235 109
184 -222 179
164 -173 44
-286 -244 74
134 -129 235
-171 -251 290
65 -34 227
-23 -135 -69
-22 -137 -269
67 -207 -127
62 -69 -61
-48 -32 298
-158 -98 28
208 -190 267
218 -286 -243
5 -112 4
33 -259 -106
-209 -111 -268
147 -116 26
-261 -99 31
7 -239 129
286 -289 176
-140 -292 -255
-11 -238 257
159 -235 109
276 -112 -158
190 -79 -64
101 -83 246
267 -74 155
-209 -8 -196
-297 58 108
-229 -166 138
-197 -229 6
117 -77 -246
-43 -110 17
232 -112 280
-60 -63 -296
-166 -87 283
56 -289 180
262 -234 -245
126 -172 41
-276 -199 134
-62 -225 126
-73 -131 120
-56 -271 -212
-56 -95 -180
-96 -62 54
278 -73 -260
38 -150 -80
-120 -220 -152
-285 56 256
-292 -250 -38
-7 -268 -178
111 -88 146
250 -102 108
-263 -38 -32
-209 -103 -149
-101 -39 -229
-66 -27 142
119 -151 156
183 -290 -112
-211 -128 -242
-105 -132 -195
-268 -25 -73
180 -152 18
147 -111 -10
1 -174 -188
-69 -13 -197
53 -298 -226
-157 -265 173
-249 -92 -203
216 -74 52
96 -121 104
-44 -226 -203
157 -77 95
265 -265 273
-148 -169 -90
-204 -71 84
179 -223 98
162 -260 85
55 -57 -79
189 -75 -48
293 -234 252
-124 -166 73
-146 -279 -139
-247 -260 47
132 -108 59
264 -123 -58
-61 -99 155
-85 -213 128
-107 -259 252
-251 -251 -101
-115 -13 -53
-30 -46 161
1 -253 -28
-27 -241 268
-265 -212 17
-209 -160 -100
-158 -156 284
108 -137 -2
-243 -250 96
-84 -230 -151
-94 -40 -38
269 -260 -219
-209 -295 218
36 -57 -237
-248 -241 214
58 -99 -108
-83 -240 151
215 -81 199
-239 -74 65
55 -190 217
-165 -255 71
-178 -15 9
-260 -130 111
-139 -65 -6
-33 -21 176
251 -69 44
-144 -107 -77
-51 -53 -109
-222 -84 -196
-196 -243 49
-278 -107 -154
-28 -213 156
45 -90 -203
-148 -215 -271
-26 -70 -249
20 -286 -202
220 -197 162
-41 -274 -27
-194 -9 -245
266 -230 192
-258 -52 224
-89 -229 -4
-93 -186 247
-200 -246 219
-33 -181 281
-180 -107 88
-52 -271 -18
-233 33 -154
266 -246 -236
-215 -41 102
-121 -206 -10
68 -116 -179
259 -214 -169
-202 -22 74
2 -22 -82
48 -28 30
39 -154 -254
-97 -290 274
130 -196 -218
-190 -42 220
-57 -254 -199
56 -13 -258
84 -227 97
4 -280 166
97 -277 -230
196 -172 112
-107 -119 -74
-14 -133 -160
146 -155 224
42 -180 155
-197 -74 218
-67 -186 197
257 -124 -274
264 -188 44
22 -53 224
-87 -59 -37
-46 -237 72
-181 27 -70
12 -77 -266
-158 -41 245
-218 -100 -174
-184 -23 -189
299 -143 -228
187 -169 3
144 -278 -233
284 -83 148
297 -292 -110
-223 -227 179
273 -272 264
118 -191 156
26 -47 297
75 -250 -14
-203 -17 295
-18 -102 -287
-31 -96 -46
-297 -220 33
-31 -22 138
16 -105 -5
138 -287 -112
-118 -100 154
-164 -172 -227
-132 3 28
-36 -281 -146
-51 -166 -115
222 -130 154
-87 -273 -150
-284 -107 7
-128 -234 -20
-265 -299 34
19 -180 93
286 -147 -135
3 -53 55
-139 -80 54
104 -249 -6
-36 -108 15
164 -73 -64
296 -83 268
-295 -260 -92
-81 -49 9
-167 -151 246
-285 44 191
-123 -6 -47
184 -181 -229
-100 -18 271
186 -171 295
-292 -221 175
-59 -203 24
-121 -4 -163
290 -198 -203
-50 -117 183
33 -113 128
216 -61 287
36 -81 18
-30 -84 285
293 -178 176
71 -300 85
-206 -209 -239
-240 9 40
240 -259 169
145 -55 -266
-13 -69 -223
82 -94 136
-72 -254 -32
-30 -251 31
-230 -101 -99
224 -129 -168
51 -70 -8
-146 -159 -279
37 -225 -70
-268 -274 -93
104 -100 114
129 -227 -183
291 -289 63
-220 -150 -17
49 -274 88
200 -129 213
-190 -13 114
260 -240 -59
224 -254 67
205 -114 -115
-100 -172 -166
-158 -273 -83
-202 -110 -35
-284 0 134
175 -122 -36
277 -266 26
4 -230 185
-280 41 163
-272 -201 -10
-205 -216 -229
-268 -70 217
-113 -210 164
147 -208 -101
-268 46 -277
-42 -76 -242
-74 -141 252
-197 -147 47
-236 -74 117
216 -264 -193
-297 -205 -247
78 -199 -198
-13 -216 37
20 -155 -41
-132 -102 154
-208 -138 152
-5 -161 -146
-29 -81 233
-104 -75 286
28 -137 -220
87 -62 247
-73 -232 210
268 -240 134
-34 -165 234
2 -78 287
-296 -300 143
28 -54 -181
-259 -198 93
3 -230 211
-218 -128 103
127 -54 262
107 -283 174
-126 -142 217
-178 -206 289
-231 -251 -71
29 -68 -175
-195 -130 41
-234 -25 105
-103 -16 208
162 -84 274
277 -256 -238
276 -103 54
184 -266 140
205 -283 11
-249 -41 115
298 -191 299
72 -183 -117
-91 -7 -226
-236 11 18
-228 12 -225
-26 -168 -285
-60 -251 102
-50 -27 -299
-34 -142 146
-210 -216 41
-279 -238 -220
-98 -14 -38
8 -225 -63
-300 -105 -30
-130 -251 276
159 -99 -1
107 -77 101
276 -132 -38